Linux 4.4.0-111-generic (ath-1) 	02/15/2018 	_x86_64_	(40 CPU)

09:52:27 AM  CPU    %usr   %nice    %sys %iowait    %irq   %soft  %steal  %guest  %gnice   %idle
09:52:28 AM  all    0.05    0.00    2.79    0.00    0.00    0.00    0.00    0.00    0.00   97.16
09:52:28 AM    0    0.00    0.00    4.04    0.00    0.00    0.00    0.00    0.00    0.00   95.96
09:52:28 AM    1    0.00    0.00    0.00    0.00    0.00    0.00    0.00    0.00    0.00  100.00
09:52:28 AM    2    0.00    0.00    3.03    0.00    0.00    0.00    0.00    0.00    0.00   96.97
09:52:28 AM    3    0.00    0.00    0.00    0.00    0.00    0.00    0.00    0.00    0.00  100.00
09:52:28 AM    4    0.00    0.00    4.00    0.00    0.00    0.00    0.00    0.00    0.00   96.00
09:52:28 AM    5    1.00    0.00    4.00    0.00    0.00    0.00    0.00    0.00    0.00   95.00
09:52:28 AM    6    0.99    0.00    4.95    0.00    0.00    0.00    0.00    0.00    0.00   94.06
09:52:28 AM    7    0.00    0.00    2.00    0.00    0.00    0.00    0.00    0.00    0.00   98.00
09:52:28 AM    8    0.00    0.00    4.04    0.00    0.00    0.00    0.00    0.00    0.00   95.96
09:52:28 AM    9    0.00    0.00    5.00    0.00    0.00    0.00    0.00    0.00    0.00   95.00
09:52:28 AM   10    0.00    0.00    0.00    0.00    0.00    0.00    0.00    0.00    0.00  100.00
09:52:28 AM   11    0.00    0.00    0.00    0.00    0.00    0.00    0.00    0.00    0.00  100.00
09:52:28 AM   12    0.00    0.00    4.00    0.00    0.00    0.00    0.00    0.00    0.00   96.00
09:52:28 AM   13    0.00    0.00    0.00    0.00    0.00    0.00    0.00    0.00    0.00  100.00
09:52:28 AM   14    0.00    0.00    1.00    0.00    0.00    0.00    0.00    0.00    0.00   99.00
09:52:28 AM   15    0.00    0.00    0.00    0.00    0.00    0.00    0.00    0.00    0.00  100.00
09:52:28 AM   16    0.00    0.00    4.04    0.00    0.00    0.00    0.00    0.00    0.00   95.96
09:52:28 AM   17    0.00    0.00    0.00    0.00    0.00    0.00    0.00    0.00    0.00  100.00
09:52:28 AM   18    0.00    0.00    4.95    0.00    0.00    0.00    0.00    0.00    0.00   95.05
09:52:28 AM   19    0.00    0.00    5.00    0.00    0.00    0.00    0.00    0.00    0.00   95.00
09:52:28 AM   20    0.00    0.00    0.00    0.00    0.00    0.00    0.00    0.00    0.00  100.00
09:52:28 AM   21    0.00    0.00    4.04    0.00    0.00    0.00    0.00    0.00    0.00   95.96
09:52:28 AM   22    0.00    0.00    4.00    0.00    0.00    0.00    0.00    0.00    0.00   96.00
09:52:28 AM   23    0.00    0.00    5.00    0.00    0.00    0.00    0.00    0.00    0.00   95.00
09:52:28 AM   24    0.00    0.00    4.04    0.00    0.00    0.00    0.00    0.00    0.00   95.96
09:52:28 AM   25    0.00    0.00    0.00    0.00    0.00    0.00    0.00    0.00    0.00  100.00
09:52:28 AM   26    0.00    0.00    0.00    0.00    0.00    0.00    0.00    0.00    0.00  100.00
09:52:28 AM   27    0.00    0.00    4.04    0.00    0.00    0.00    0.00    0.00    0.00   95.96
09:52:28 AM   28    0.00    0.00    0.00    0.00    0.00    0.00    0.00    0.00    0.00  100.00
09:52:28 AM   29    0.00    0.00    4.00    0.00    0.00    0.00    0.00    0.00    0.00   96.00
09:52:28 AM   30    1.00    0.00    4.00    0.00    0.00    0.00    0.00    0.00    0.00   95.00
09:52:28 AM   31    0.00    0.00    4.00    0.00    0.00    0.00    0.00    0.00    0.00   96.00
09:52:28 AM   32    0.00    0.00    0.00    0.00    0.00    0.00    0.00    0.00    0.00  100.00
09:52:28 AM   33    0.00    0.00    5.00    0.00    0.00    0.00    0.00    0.00    0.00   95.00
09:52:28 AM   34    0.00    0.00    4.04    0.00    0.00    0.00    0.00    0.00    0.00   95.96
09:52:28 AM   35    0.00    0.00    5.00    0.00    0.00    0.00    0.00    0.00    0.00   95.00
09:52:28 AM   36    0.00    0.00    4.04    0.00    0.00    0.00    0.00    0.00    0.00   95.96
09:52:28 AM   37    0.00    0.00    4.04    0.00    0.00    0.00    0.00    0.00    0.00   95.96
09:52:28 AM   38    0.00    0.00    4.04    0.00    0.00    0.00    0.00    0.00    0.00   95.96
09:52:28 AM   39    0.00    0.00    0.00    0.00    0.00    0.00    0.00    0.00    0.00  100.00

09:52:28 AM  CPU    %usr   %nice    %sys %iowait    %irq   %soft  %steal  %guest  %gnice   %idle
09:52:29 AM  all    2.22    0.00    3.48    0.05    0.00    1.29    0.00    0.00    0.00   92.97
09:52:29 AM    0    5.05    0.00    5.05    0.00    0.00    0.00    0.00    0.00    0.00   89.90
09:52:29 AM    1    0.00    0.00    1.04    0.00    0.00    0.00    0.00    0.00    0.00   98.96
09:52:29 AM    2    2.04    0.00    4.08    0.00    0.00    0.00    0.00    0.00    0.00   93.88
09:52:29 AM    3    1.96    0.00    2.94    0.00    0.00    2.94    0.00    0.00    0.00   92.16
09:52:29 AM    4    4.08    0.00    8.16    0.00    0.00   10.20    0.00    0.00    0.00   77.55
09:52:29 AM    5    0.00    0.00    3.92    0.00    0.00    4.90    0.00    0.00    0.00   91.18
09:52:29 AM    6    2.06    0.00    3.09    0.00    0.00    1.03    0.00    0.00    0.00   93.81
09:52:29 AM    7    0.00    0.00    5.00    0.00    0.00    0.00    0.00    0.00    0.00   95.00
09:52:29 AM    8    1.03    0.00    4.12    0.00    0.00    0.00    0.00    0.00    0.00   94.85
09:52:29 AM    9    0.00    0.00    0.00    0.00    0.00    2.00    0.00    0.00    0.00   98.00
09:52:29 AM   10    1.02    0.00    1.02    0.00    0.00    0.00    0.00    0.00    0.00   97.96
09:52:29 AM   11    0.00    0.00    4.00    0.00    0.00    0.00    0.00    0.00    0.00   96.00
09:52:29 AM   12    1.02    0.00    4.08    0.00    0.00    1.02    0.00    0.00    0.00   93.88
09:52:29 AM   13    0.00    0.00    0.00    0.00    0.00    0.00    0.00    0.00    0.00  100.00
09:52:29 AM   14    6.25    0.00    5.21    0.00    0.00    3.12    0.00    0.00    0.00   85.42
09:52:29 AM   15    0.00    0.00    0.00    0.00    0.00    0.00    0.00    0.00    0.00  100.00
09:52:29 AM   16    7.77    0.00    5.83    0.00    0.00    9.71    0.00    0.00    0.00   76.70
09:52:29 AM   17   15.00    0.00   10.00    1.00    0.00    0.00    0.00    0.00    0.00   74.00
09:52:29 AM   18    4.12    0.00    7.22    0.00    0.00   12.37    0.00    0.00    0.00   76.29
09:52:29 AM   19   11.88    0.00   10.89    0.99    0.00    2.97    0.00    0.00    0.00   73.27
09:52:29 AM   20    1.01    0.00    2.02    0.00    0.00    0.00    0.00    0.00    0.00   96.97
09:52:29 AM   21   10.89    0.00   11.88    0.99    0.00    1.98    0.00    0.00    0.00   74.26
09:52:29 AM   22    1.01    0.00    3.03    0.00    0.00    0.00    0.00    0.00    0.00   95.96
09:52:29 AM   23    0.00    0.00    3.09    0.00    0.00    1.03    0.00    0.00    0.00   95.88
09:52:29 AM   24    0.00    0.00    3.00    0.00    0.00    0.00    0.00    0.00    0.00   97.00
09:52:29 AM   25    0.00    0.00    0.00    0.00    0.00    0.00    0.00    0.00    0.00  100.00
09:52:29 AM   26    1.02    0.00    1.02    0.00    0.00    0.00    0.00    0.00    0.00   97.96
09:52:29 AM   27    0.00    0.00    4.00    0.00    0.00    0.00    0.00    0.00    0.00   96.00
09:52:29 AM   28    1.01    0.00    0.00    0.00    0.00    0.00    0.00    0.00    0.00   98.99
09:52:29 AM   29    0.00    0.00    4.00    0.00    0.00    0.00    0.00    0.00    0.00   96.00
09:52:29 AM   30    0.00    0.00    3.03    0.00    0.00    0.00    0.00    0.00    0.00   96.97
09:52:29 AM   31    0.00    0.00    4.00    0.00    0.00    0.00    0.00    0.00    0.00   96.00
09:52:29 AM   32    0.00    0.00    1.00    0.00    0.00    0.00    0.00    0.00    0.00   99.00
09:52:29 AM   33    0.99    0.00    2.97    0.00    0.00    0.00    0.00    0.00    0.00   96.04
09:52:29 AM   34    0.00    0.00    2.02    0.00    0.00    0.00    0.00    0.00    0.00   97.98
09:52:29 AM   35    1.00    0.00    2.00    0.00    0.00    0.00    0.00    0.00    0.00   97.00
09:52:29 AM   36    0.00    0.00    3.03    0.00    0.00    0.00    0.00    0.00    0.00   96.97
09:52:29 AM   37    0.00    0.00    4.00    0.00    0.00    0.00    0.00    0.00    0.00   96.00
09:52:29 AM   38    1.01    0.00    3.03    0.00    0.00    0.00    0.00    0.00    0.00   95.96
09:52:29 AM   39    1.01    0.00    0.00    0.00    0.00    0.00    0.00    0.00    0.00   98.99

09:52:29 AM  CPU    %usr   %nice    %sys %iowait    %irq   %soft  %steal  %guest  %gnice   %idle
09:52:30 AM  all    2.64    0.00    3.54    0.00    0.00    1.88    0.00    0.00    0.00   91.94
09:52:30 AM    0    2.00    0.00    7.00    0.00    0.00    1.00    0.00    0.00    0.00   90.00
09:52:30 AM    1    2.02    0.00    3.03    0.00    0.00    4.04    0.00    0.00    0.00   90.91
09:52:30 AM    2    2.04    0.00    1.02    0.00    0.00    1.02    0.00    0.00    0.00   95.92
09:52:30 AM    3    1.94    0.00    3.88    0.00    0.00    5.83    0.00    0.00    0.00   88.35
09:52:30 AM    4    5.15    0.00    6.19    0.00    0.00    9.28    0.00    0.00    0.00   79.38
09:52:30 AM    5    0.00    0.00    2.88    0.00    0.00    4.81    0.00    0.00    0.00   92.31
09:52:30 AM    6    2.97    0.00    4.95    0.00    0.00    0.99    0.00    0.00    0.00   91.09
09:52:30 AM    7    0.00    0.00    0.00    0.00    0.00    0.00    0.00    0.00    0.00  100.00
09:52:30 AM    8    0.98    0.00    6.86    0.00    0.00    0.98    0.00    0.00    0.00   91.18
09:52:30 AM    9    0.00    0.00    3.03    0.00    0.00    0.00    0.00    0.00    0.00   96.97
09:52:30 AM   10    1.01    0.00    2.02    0.00    0.00    1.01    0.00    0.00    0.00   95.96
09:52:30 AM   11    0.00    0.00    3.03    0.00    0.00    0.00    0.00    0.00    0.00   96.97
09:52:30 AM   12    0.00    0.00    3.16    0.00    0.00    2.11    0.00    0.00    0.00   94.74
09:52:30 AM   13    0.00    0.00    0.00    0.00    0.00    0.00    0.00    0.00    0.00  100.00
09:52:30 AM   14    5.77    0.00    3.85    0.00    0.00   14.42    0.00    0.00    0.00   75.96
09:52:30 AM   15    0.00    0.00    0.00    0.00    0.00    0.00    0.00    0.00    0.00  100.00
09:52:30 AM   16    7.07    0.00    3.03    0.00    0.00   10.10    0.00    0.00    0.00   79.80
09:52:30 AM   17   19.59    0.00    8.25    0.00    0.00    4.12    0.00    0.00    0.00   68.04
09:52:30 AM   18    4.17    0.00    6.25    0.00    0.00   11.46    0.00    0.00    0.00   78.12
09:52:30 AM   19   14.71    0.00   15.69    0.00    0.00    1.96    0.00    0.00    0.00   67.65
09:52:30 AM   20    2.00    0.00    0.00    0.00    0.00    1.00    0.00    0.00    0.00   97.00
09:52:30 AM   21   19.00    0.00   13.00    0.00    0.00    1.00    0.00    0.00    0.00   67.00
09:52:30 AM   22    1.02    0.00    1.02    0.00    0.00    0.00    0.00    0.00    0.00   97.96
09:52:30 AM   23    3.96    0.00    3.96    0.00    0.00    0.00    0.00    0.00    0.00   92.08
09:52:30 AM   24    1.00    0.00    0.00    0.00    0.00    0.00    0.00    0.00    0.00   99.00
09:52:30 AM   25    0.00    0.00    4.00    0.00    0.00    0.00    0.00    0.00    0.00   96.00
09:52:30 AM   26    1.02    0.00    0.00    0.00    0.00    0.00    0.00    0.00    0.00   98.98
09:52:30 AM   27    0.00    0.00    3.03    0.00    0.00    0.00    0.00    0.00    0.00   96.97
09:52:30 AM   28    1.01    0.00    0.00    0.00    0.00    0.00    0.00    0.00    0.00   98.99
09:52:30 AM   29    0.00    0.00    2.02    0.00    0.00    0.00    0.00    0.00    0.00   97.98
09:52:30 AM   30    0.00    0.00    3.03    0.00    0.00    0.00    0.00    0.00    0.00   96.97
09:52:30 AM   31    0.00    0.00    3.00    0.00    0.00    0.00    0.00    0.00    0.00   97.00
09:52:30 AM   32    1.00    0.00    0.00    0.00    0.00    0.00    0.00    0.00    0.00   99.00
09:52:30 AM   33    1.00    0.00    2.00    0.00    0.00    0.00    0.00    0.00    0.00   97.00
09:52:30 AM   34    0.00    0.00    2.00    0.00    0.00    1.00    0.00    0.00    0.00   97.00
09:52:30 AM   35    0.00    0.00    3.03    0.00    0.00    0.00    0.00    0.00    0.00   96.97
09:52:30 AM   36    0.00    0.00    3.06    0.00    0.00    0.00    0.00    0.00    0.00   96.94
09:52:30 AM   37    1.00    0.00    2.00    0.00    0.00    0.00    0.00    0.00    0.00   97.00
09:52:30 AM   38    2.00    0.00    3.00    0.00    0.00    0.00    0.00    0.00    0.00   95.00
09:52:30 AM   39    2.02    0.00    3.03    0.00    0.00    0.00    0.00    0.00    0.00   94.95

09:52:30 AM  CPU    %usr   %nice    %sys %iowait    %irq   %soft  %steal  %guest  %gnice   %idle
09:52:31 AM  all    2.49    0.00    3.19    0.00    0.00    1.96    0.00    0.00    0.00   92.36
09:52:31 AM    0    3.92    0.00    4.90    0.00    0.00    2.94    0.00    0.00    0.00   88.24
09:52:31 AM    1    7.84    0.00    4.90    0.00    0.00    0.98    0.00    0.00    0.00   86.27
09:52:31 AM    2    2.02    0.00    4.04    0.00    0.00    0.00    0.00    0.00    0.00   93.94
09:52:31 AM    3    0.94    0.00    3.77    0.00    0.00    9.43    0.00    0.00    0.00   85.85
09:52:31 AM    4    2.11    0.00    4.21    0.00    0.00   10.53    0.00    0.00    0.00   83.16
09:52:31 AM    5    0.96    0.00    3.85    0.00    0.00    4.81    0.00    0.00    0.00   90.38
09:52:31 AM    6    4.04    0.00    4.04    0.00    0.00    1.01    0.00    0.00    0.00   90.91
09:52:31 AM    7    0.99    0.00    3.96    0.00    0.00    0.99    0.00    0.00    0.00   94.06
09:52:31 AM    8    2.04    0.00    4.08    0.00    0.00    0.00    0.00    0.00    0.00   93.88
09:52:31 AM    9    0.00    0.00    3.03    0.00    0.00    0.00    0.00    0.00    0.00   96.97
09:52:31 AM   10    2.08    0.00    0.00    0.00    0.00    0.00    0.00    0.00    0.00   97.92
09:52:31 AM   11    1.00    0.00    3.00    0.00    0.00    0.00    0.00    0.00    0.00   96.00
09:52:31 AM   12    2.00    0.00    5.00    0.00    0.00    2.00    0.00    0.00    0.00   91.00
09:52:31 AM   13    0.00    0.00    0.00    0.00    0.00    0.00    0.00    0.00    0.00  100.00
09:52:31 AM   14    5.94    0.00    2.97    0.00    0.00    8.91    0.00    0.00    0.00   82.18
09:52:31 AM   15    0.00    0.00    3.00    0.00    0.00    0.00    0.00    0.00    0.00   97.00
09:52:31 AM   16    3.03    0.00    2.02    0.00    0.00   13.13    0.00    0.00    0.00   81.82
09:52:31 AM   17   11.70    0.00    8.51    0.00    0.00    2.13    0.00    0.00    0.00   77.66
09:52:31 AM   18    4.00    0.00    4.00    0.00    0.00   13.00    0.00    0.00    0.00   79.00
09:52:31 AM   19   12.77    0.00   12.77    0.00    0.00    2.13    0.00    0.00    0.00   72.34
09:52:31 AM   20    1.01    0.00    1.01    0.00    0.00    0.00    0.00    0.00    0.00   97.98
09:52:31 AM   21   16.16    0.00   11.11    0.00    0.00    2.02    0.00    0.00    0.00   70.71
09:52:31 AM   22    2.94    0.00    0.98    0.00    0.00    0.98    0.00    0.00    0.00   95.10
09:52:31 AM   23    3.92    0.00    4.90    0.00    0.00    0.98    0.00    0.00    0.00   90.20
09:52:31 AM   24    1.01    0.00    0.00    0.00    0.00    1.01    0.00    0.00    0.00   97.98
09:52:31 AM   25    1.02    0.00    2.04    0.00    0.00    0.00    0.00    0.00    0.00   96.94
09:52:31 AM   26    2.02    0.00    0.00    0.00    0.00    0.00    0.00    0.00    0.00   97.98
09:52:31 AM   27    0.00    0.00    3.00    0.00    0.00    0.00    0.00    0.00    0.00   97.00
09:52:31 AM   28    0.00    0.00    2.02    0.00    0.00    0.00    0.00    0.00    0.00   97.98
09:52:31 AM   29    0.00    0.00    3.03    0.00    0.00    0.00    0.00    0.00    0.00   96.97
09:52:31 AM   30    0.00    0.00    2.02    0.00    0.00    0.00    0.00    0.00    0.00   97.98
09:52:31 AM   31    0.00    0.00    3.03    0.00    0.00    0.00    0.00    0.00    0.00   96.97
09:52:31 AM   32    1.00    0.00    0.00    0.00    0.00    0.00    0.00    0.00    0.00   99.00
09:52:31 AM   33    0.00    0.00    1.02    0.00    0.00    0.00    0.00    0.00    0.00   98.98
09:52:31 AM   34    1.00    0.00    2.00    0.00    0.00    0.00    0.00    0.00    0.00   97.00
09:52:31 AM   35    0.00    0.00    3.00    0.00    0.00    0.00    0.00    0.00    0.00   97.00
09:52:31 AM   36    1.98    0.00    1.98    0.00    0.00    0.00    0.00    0.00    0.00   96.04
09:52:31 AM   37    0.00    0.00    3.00    0.00    0.00    0.00    0.00    0.00    0.00   97.00
09:52:31 AM   38    0.00    0.00    3.00    0.00    0.00    1.00    0.00    0.00    0.00   96.00
09:52:31 AM   39    4.04    0.00    2.02    0.00    0.00    0.00    0.00    0.00    0.00   93.94

09:52:31 AM  CPU    %usr   %nice    %sys %iowait    %irq   %soft  %steal  %guest  %gnice   %idle
09:52:32 AM  all    2.37    0.00    3.80    0.00    0.00    1.54    0.00    0.00    0.00   92.29
09:52:32 AM    0    1.02    0.00    5.10    0.00    0.00    0.00    0.00    0.00    0.00   93.88
09:52:32 AM    1    3.92    0.00    4.90    0.00    0.00    2.94    0.00    0.00    0.00   88.24
09:52:32 AM    2    2.04    0.00    2.04    0.00    0.00    1.02    0.00    0.00    0.00   94.90
09:52:32 AM    3    3.00    0.00    4.00    0.00    0.00    2.00    0.00    0.00    0.00   91.00
09:52:32 AM    4    3.19    0.00    2.13    0.00    0.00    8.51    0.00    0.00    0.00   86.17
09:52:32 AM    5    0.00    0.00    2.94    0.00    0.00    4.90    0.00    0.00    0.00   92.16
09:52:32 AM    6    2.00    0.00    5.00    0.00    0.00    1.00    0.00    0.00    0.00   92.00
09:52:32 AM    7    0.00    0.00    4.04    0.00    0.00    0.00    0.00    0.00    0.00   95.96
09:52:32 AM    8    3.00    0.00    5.00    0.00    0.00    0.00    0.00    0.00    0.00   92.00
09:52:32 AM    9    0.00    0.00    3.00    0.00    0.00    0.00    0.00    0.00    0.00   97.00
09:52:32 AM   10    2.00    0.00    4.00    0.00    0.00    1.00    0.00    0.00    0.00   93.00
09:52:32 AM   11    1.02    0.00    3.06    0.00    0.00    0.00    0.00    0.00    0.00   95.92
09:52:32 AM   12    2.00    0.00    5.00    0.00    0.00    2.00    0.00    0.00    0.00   91.00
09:52:32 AM   13    0.00    0.00    1.00    0.00    0.00    0.00    0.00    0.00    0.00   99.00
09:52:32 AM   14    3.88    0.00    2.91    0.00    0.00   11.65    0.00    0.00    0.00   81.55
09:52:32 AM   15    1.00    0.00    4.00    0.00    0.00    0.00    0.00    0.00    0.00   95.00
09:52:32 AM   16    3.09    0.00    4.12    0.00    0.00    9.28    0.00    0.00    0.00   83.51
09:52:32 AM   17   13.68    0.00   10.53    0.00    0.00    2.11    0.00    0.00    0.00   73.68
09:52:32 AM   18    4.95    0.00    1.98    0.00    0.00   12.87    0.00    0.00    0.00   80.20
09:52:32 AM   19   12.63    0.00   12.63    0.00    0.00    1.05    0.00    0.00    0.00   73.68
09:52:32 AM   20    1.00    0.00    1.00    0.00    0.00    0.00    0.00    0.00    0.00   98.00
09:52:32 AM   21   15.79    0.00    9.47    0.00    0.00    1.05    0.00    0.00    0.00   73.68
09:52:32 AM   22    0.00    0.00    3.03    0.00    0.00    1.01    0.00    0.00    0.00   95.96
09:52:32 AM   23    2.02    0.00    6.06    0.00    0.00    0.00    0.00    0.00    0.00   91.92
09:52:32 AM   24    1.00    0.00    2.00    0.00    0.00    0.00    0.00    0.00    0.00   97.00
09:52:32 AM   25    0.99    0.00    3.96    0.00    0.00    0.00    0.00    0.00    0.00   95.05
09:52:32 AM   26    0.00    0.00    1.98    0.00    0.00    0.99    0.00    0.00    0.00   97.03
09:52:32 AM   27    0.00    0.00    3.03    0.00    0.00    0.00    0.00    0.00    0.00   96.97
09:52:32 AM   28    1.02    0.00    1.02    0.00    0.00    0.00    0.00    0.00    0.00   97.96
09:52:32 AM   29    1.00    0.00    3.00    0.00    0.00    0.00    0.00    0.00    0.00   96.00
09:52:32 AM   30    1.00    0.00    4.00    0.00    0.00    0.00    0.00    0.00    0.00   95.00
09:52:32 AM   31    0.00    0.00    4.00    0.00    0.00    0.00    0.00    0.00    0.00   96.00
09:52:32 AM   32    2.02    0.00    0.00    0.00    0.00    0.00    0.00    0.00    0.00   97.98
09:52:32 AM   33    0.00    0.00    4.00    0.00    0.00    0.00    0.00    0.00    0.00   96.00
09:52:32 AM   34    2.02    0.00    3.03    0.00    0.00    0.00    0.00    0.00    0.00   94.95
09:52:32 AM   35    1.00    0.00    4.00    0.00    0.00    0.00    0.00    0.00    0.00   95.00
09:52:32 AM   36    2.02    0.00    2.02    0.00    0.00    0.00    0.00    0.00    0.00   95.96
09:52:32 AM   37    1.00    0.00    3.00    0.00    0.00    0.00    0.00    0.00    0.00   96.00
09:52:32 AM   38    1.00    0.00    3.00    0.00    0.00    0.00    0.00    0.00    0.00   96.00
09:52:32 AM   39    1.02    0.00    4.08    0.00    0.00    0.00    0.00    0.00    0.00   94.90

09:52:32 AM  CPU    %usr   %nice    %sys %iowait    %irq   %soft  %steal  %guest  %gnice   %idle
09:52:33 AM  all    2.28    0.00    3.21    0.00    0.00    1.57    0.00    0.00    0.00   92.94
09:52:33 AM    0    2.08    0.00    2.08    0.00    0.00    0.00    0.00    0.00    0.00   95.83
09:52:33 AM    1    1.98    0.00    2.97    0.00    0.00    4.95    0.00    0.00    0.00   90.10
09:52:33 AM    2    0.00    0.00    3.06    0.00    0.00    2.04    0.00    0.00    0.00   94.90
09:52:33 AM    3    1.00    0.00    4.00    0.00    0.00    2.00    0.00    0.00    0.00   93.00
09:52:33 AM    4    3.09    0.00    3.09    0.00    0.00   10.31    0.00    0.00    0.00   83.51
09:52:33 AM    5    0.99    0.00    1.98    0.00    0.00    1.98    0.00    0.00    0.00   95.05
09:52:33 AM    6    0.00    0.00    5.26    0.00    0.00    0.00    0.00    0.00    0.00   94.74
09:52:33 AM    7    1.01    0.00    3.03    0.00    0.00    1.01    0.00    0.00    0.00   94.95
09:52:33 AM    8    0.00    0.00    4.17    0.00    0.00    0.00    0.00    0.00    0.00   95.83
09:52:33 AM    9    0.00    0.00    0.00    0.00    0.00    0.00    0.00    0.00    0.00  100.00
09:52:33 AM   10    1.02    0.00    4.08    0.00    0.00    0.00    0.00    0.00    0.00   94.90
09:52:33 AM   11    0.00    0.00    4.00    0.00    0.00    0.00    0.00    0.00    0.00   96.00
09:52:33 AM   12    1.96    0.00    3.92    0.00    0.00    2.94    0.00    0.00    0.00   91.18
09:52:33 AM   13    0.00    0.00    0.00    0.00    0.00    0.00    0.00    0.00    0.00  100.00
09:52:33 AM   14    1.03    0.00    2.06    0.00    0.00    9.28    0.00    0.00    0.00   87.63
09:52:33 AM   15    0.00    0.00    3.00    0.00    0.00    0.00    0.00    0.00    0.00   97.00
09:52:33 AM   16    3.16    0.00    3.16    0.00    0.00    9.47    0.00    0.00    0.00   84.21
09:52:33 AM   17   22.55    0.00    8.82    0.00    0.00    2.94    0.00    0.00    0.00   65.69
09:52:33 AM   18    6.12    0.00    4.08    0.00    0.00    9.18    0.00    0.00    0.00   80.61
09:52:33 AM   19   12.00    0.00   10.00    0.00    0.00    3.00    0.00    0.00    0.00   75.00
09:52:33 AM   20    0.00    0.00    0.00    0.00    0.00    0.00    0.00    0.00    0.00  100.00
09:52:33 AM   21   13.83    0.00    8.51    0.00    0.00    0.00    0.00    0.00    0.00   77.66
09:52:33 AM   22    3.03    0.00    0.00    0.00    0.00    0.00    0.00    0.00    0.00   96.97
09:52:33 AM   23    2.02    0.00    3.03    0.00    0.00    0.00    0.00    0.00    0.00   94.95
09:52:33 AM   24    1.00    0.00    2.00    0.00    0.00    0.00    0.00    0.00    0.00   97.00
09:52:33 AM   25    0.00    0.00    4.00    0.00    0.00    0.00    0.00    0.00    0.00   96.00
09:52:33 AM   26    1.98    0.00    0.99    0.00    0.00    0.99    0.00    0.00    0.00   96.04
09:52:33 AM   27    2.00    0.00    4.00    0.00    0.00    0.00    0.00    0.00    0.00   94.00
09:52:33 AM   28    0.99    0.00    2.97    0.00    0.00    0.99    0.00    0.00    0.00   95.05
09:52:33 AM   29    0.00    0.00    4.95    0.00    0.00    0.00    0.00    0.00    0.00   95.05
09:52:33 AM   30    0.00    0.00    2.04    0.00    0.00    0.00    0.00    0.00    0.00   97.96
09:52:33 AM   31    0.99    0.00    2.97    0.00    0.00    0.00    0.00    0.00    0.00   96.04
09:52:33 AM   32    2.02    0.00    0.00    0.00    0.00    1.01    0.00    0.00    0.00   96.97
09:52:33 AM   33    0.00    0.00    3.00    0.00    0.00    0.00    0.00    0.00    0.00   97.00
09:52:33 AM   34    1.98    0.00    2.97    0.00    0.00    0.99    0.00    0.00    0.00   94.06
09:52:33 AM   35    0.00    0.00    3.00    0.00    0.00    0.00    0.00    0.00    0.00   97.00
09:52:33 AM   36    0.00    0.00    3.03    0.00    0.00    0.00    0.00    0.00    0.00   96.97
09:52:33 AM   37    0.00    0.00    3.03    0.00    0.00    0.00    0.00    0.00    0.00   96.97
09:52:33 AM   38    0.00    0.00    4.04    0.00    0.00    0.00    0.00    0.00    0.00   95.96
09:52:33 AM   39    2.04    0.00    1.02    0.00    0.00    0.00    0.00    0.00    0.00   96.94

09:52:33 AM  CPU    %usr   %nice    %sys %iowait    %irq   %soft  %steal  %guest  %gnice   %idle
09:52:34 AM  all    2.54    0.00    3.83    0.00    0.00    1.86    0.00    0.00    0.00   91.77
09:52:34 AM    0    4.04    0.00    6.06    0.00    0.00    1.01    0.00    0.00    0.00   88.89
09:52:34 AM    1    3.88    0.00    4.85    0.00    0.00    2.91    0.00    0.00    0.00   88.35
09:52:34 AM    2    2.04    0.00    5.10    0.00    0.00    2.04    0.00    0.00    0.00   90.82
09:52:34 AM    3    4.85    0.00    5.83    0.00    0.00    1.94    0.00    0.00    0.00   87.38
09:52:34 AM    4    2.06    0.00    3.09    0.00    0.00   13.40    0.00    0.00    0.00   81.44
09:52:34 AM    5    0.00    0.00    3.96    0.00    0.00    3.96    0.00    0.00    0.00   92.08
09:52:34 AM    6    4.08    0.00    3.06    0.00    0.00    0.00    0.00    0.00    0.00   92.86
09:52:34 AM    7    0.00    0.00    5.00    0.00    0.00    0.00    0.00    0.00    0.00   95.00
09:52:34 AM    8    1.04    0.00    4.17    0.00    0.00    1.04    0.00    0.00    0.00   93.75
09:52:34 AM    9    0.98    0.00    0.98    0.00    0.00    0.98    0.00    0.00    0.00   97.06
09:52:34 AM   10    3.03    0.00    5.05    0.00    0.00    0.00    0.00    0.00    0.00   91.92
09:52:34 AM   11    0.00    0.00    4.00    0.00    0.00    0.00    0.00    0.00    0.00   96.00
09:52:34 AM   12    5.00    0.00    2.00    0.00    0.00    2.00    0.00    0.00    0.00   91.00
09:52:34 AM   13    1.00    0.00    0.00    1.00    0.00    0.00    0.00    0.00    0.00   98.00
09:52:34 AM   14    4.08    0.00    2.04    0.00    0.00   11.22    0.00    0.00    0.00   82.65
09:52:34 AM   15    0.00    0.00    1.01    0.00    0.00    0.00    0.00    0.00    0.00   98.99
09:52:34 AM   16    5.21    0.00    6.25    0.00    0.00   10.42    0.00    0.00    0.00   78.12
09:52:34 AM   17   14.00    0.00   13.00    0.00    0.00    3.00    0.00    0.00    0.00   70.00
09:52:34 AM   18    5.05    0.00    3.03    0.00    0.00   13.13    0.00    0.00    0.00   78.79
09:52:34 AM   19   13.40    0.00   10.31    0.00    0.00    2.06    0.00    0.00    0.00   74.23
09:52:34 AM   20    2.00    0.00    0.00    0.00    0.00    0.00    0.00    0.00    0.00   98.00
09:52:34 AM   21    8.42    0.00    9.47    0.00    0.00    3.16    0.00    0.00    0.00   78.95
09:52:34 AM   22    1.01    0.00    4.04    0.00    0.00    0.00    0.00    0.00    0.00   94.95
09:52:34 AM   23    3.12    0.00    3.12    0.00    0.00    0.00    0.00    0.00    0.00   93.75
09:52:34 AM   24    0.00    0.00    4.04    0.00    0.00    0.00    0.00    0.00    0.00   95.96
09:52:34 AM   25    2.02    0.00    3.03    0.00    0.00    0.00    0.00    0.00    0.00   94.95
09:52:34 AM   26    4.90    0.00    0.00    0.00    0.00    0.00    0.00    0.00    0.00   95.10
09:52:34 AM   27    2.00    0.00    3.00    0.00    0.00    0.00    0.00    0.00    0.00   95.00
09:52:34 AM   28    1.01    0.00    3.03    0.00    0.00    0.00    0.00    0.00    0.00   95.96
09:52:34 AM   29    0.00    0.00    3.03    0.00    0.00    0.00    0.00    0.00    0.00   96.97
09:52:34 AM   30    1.00    0.00    3.00    0.00    0.00    0.00    0.00    0.00    0.00   96.00
09:52:34 AM   31    0.00    0.00    3.03    0.00    0.00    0.00    0.00    0.00    0.00   96.97
09:52:34 AM   32    1.02    0.00    2.04    0.00    0.00    0.00    0.00    0.00    0.00   96.94
09:52:34 AM   33    1.00    0.00    3.00    0.00    0.00    0.00    0.00    0.00    0.00   96.00
09:52:34 AM   34    0.00    0.00    4.00    0.00    0.00    0.00    0.00    0.00    0.00   96.00
09:52:34 AM   35    0.00    0.00    3.03    0.00    0.00    0.00    0.00    0.00    0.00   96.97
09:52:34 AM   36    1.00    0.00    3.00    0.00    0.00    0.00    0.00    0.00    0.00   96.00
09:52:34 AM   37    0.00    0.00    3.96    0.00    0.00    0.00    0.00    0.00    0.00   96.04
09:52:34 AM   38    0.00    0.00    4.04    0.00    0.00    0.00    0.00    0.00    0.00   95.96
09:52:34 AM   39    2.02    0.00    4.04    0.00    0.00    0.00    0.00    0.00    0.00   93.94

09:52:34 AM  CPU    %usr   %nice    %sys %iowait    %irq   %soft  %steal  %guest  %gnice   %idle
09:52:35 AM  all    2.24    0.00    3.30    0.00    0.00    2.04    0.00    0.00    0.00   92.42
09:52:35 AM    0    3.96    0.00    5.94    0.00    0.00    0.00    0.00    0.00    0.00   90.10
09:52:35 AM    1    2.94    0.00    4.90    0.00    0.00    1.96    0.00    0.00    0.00   90.20
09:52:35 AM    2    2.02    0.00    5.05    0.00    0.00    2.02    0.00    0.00    0.00   90.91
09:52:35 AM    3    0.93    0.00    4.63    0.00    0.00   10.19    0.00    0.00    0.00   84.26
09:52:35 AM    4    5.10    0.00    2.04    0.00    0.00   10.20    0.00    0.00    0.00   82.65
09:52:35 AM    5    0.95    0.00    2.86    0.00    0.00    7.62    0.00    0.00    0.00   88.57
09:52:35 AM    6    0.00    0.00    6.12    0.00    0.00    1.02    0.00    0.00    0.00   92.86
09:52:35 AM    7    0.00    0.00    3.03    0.00    0.00    1.01    0.00    0.00    0.00   95.96
09:52:35 AM    8    2.06    0.00    1.03    0.00    0.00    1.03    0.00    0.00    0.00   95.88
09:52:35 AM    9    0.00    0.00    0.00    0.00    0.00    0.00    0.00    0.00    0.00  100.00
09:52:35 AM   10    2.06    0.00    4.12    0.00    0.00    0.00    0.00    0.00    0.00   93.81
09:52:35 AM   11    0.00    0.00    2.04    0.00    0.00    0.00    0.00    0.00    0.00   97.96
09:52:35 AM   12    1.01    0.00    3.03    0.00    0.00    3.03    0.00    0.00    0.00   92.93
09:52:35 AM   13    0.00    0.00    0.00    0.00    0.00    1.00    0.00    0.00    0.00   99.00
09:52:35 AM   14    3.06    0.00    3.06    0.00    0.00    8.16    0.00    0.00    0.00   85.71
09:52:35 AM   15    1.00    0.00    2.00    0.00    0.00    0.00    0.00    0.00    0.00   97.00
09:52:35 AM   16    4.00    0.00    3.00    0.00    0.00   13.00    0.00    0.00    0.00   80.00
09:52:35 AM   17   14.89    0.00    9.57    0.00    0.00    3.19    0.00    0.00    0.00   72.34
09:52:35 AM   18    5.15    0.00    6.19    0.00    0.00   11.34    0.00    0.00    0.00   77.32
09:52:35 AM   19   13.40    0.00   11.34    0.00    0.00    3.09    0.00    0.00    0.00   72.16
09:52:35 AM   20    1.01    0.00    1.01    0.00    0.00    0.00    0.00    0.00    0.00   97.98
09:52:35 AM   21    9.47    0.00    8.42    0.00    0.00    2.11    0.00    0.00    0.00   80.00
09:52:35 AM   22    2.00    0.00    2.00    0.00    0.00    0.00    0.00    0.00    0.00   96.00
09:52:35 AM   23    4.95    0.00    3.96    0.00    0.00    0.00    0.00    0.00    0.00   91.09
09:52:35 AM   24    0.00    0.00    2.04    0.00    0.00    0.00    0.00    0.00    0.00   97.96
09:52:35 AM   25    0.99    0.00    0.99    0.00    0.00    0.99    0.00    0.00    0.00   97.03
09:52:35 AM   26    1.00    0.00    1.00    0.00    0.00    0.00    0.00    0.00    0.00   98.00
09:52:35 AM   27    0.00    0.00    1.01    0.00    0.00    0.00    0.00    0.00    0.00   98.99
09:52:35 AM   28    0.00    0.00    3.06    0.00    0.00    0.00    0.00    0.00    0.00   96.94
09:52:35 AM   29    0.00    0.00    3.00    0.00    0.00    0.00    0.00    0.00    0.00   97.00
09:52:35 AM   30    1.00    0.00    3.00    0.00    0.00    0.00    0.00    0.00    0.00   96.00
09:52:35 AM   31    0.00    0.00    4.00    0.00    0.00    0.00    0.00    0.00    0.00   96.00
09:52:35 AM   32    1.01    0.00    1.01    0.00    0.00    0.00    0.00    0.00    0.00   97.98
09:52:35 AM   33    0.00    0.00    3.00    0.00    0.00    0.00    0.00    0.00    0.00   97.00
09:52:35 AM   34    0.00    0.00    2.06    0.00    0.00    0.00    0.00    0.00    0.00   97.94
09:52:35 AM   35    0.00    0.00    3.03    0.00    0.00    0.00    0.00    0.00    0.00   96.97
09:52:35 AM   36    0.00    0.00    2.02    0.00    0.00    1.01    0.00    0.00    0.00   96.97
09:52:35 AM   37    0.00    0.00    3.00    0.00    0.00    0.00    0.00    0.00    0.00   97.00
09:52:35 AM   38    1.00    0.00    1.00    0.00    0.00    0.00    0.00    0.00    0.00   98.00
09:52:35 AM   39    2.06    0.00    3.09    0.00    0.00    0.00    0.00    0.00    0.00   94.85

09:52:35 AM  CPU    %usr   %nice    %sys %iowait    %irq   %soft  %steal  %guest  %gnice   %idle
09:52:36 AM  all    2.53    0.00    3.64    0.00    0.00    1.93    0.00    0.00    0.00   91.90
09:52:36 AM    0    5.05    0.00    4.04    0.00    0.00    0.00    0.00    0.00    0.00   90.91
09:52:36 AM    1    4.85    0.00    2.91    0.00    0.00    4.85    0.00    0.00    0.00   87.38
09:52:36 AM    2    4.00    0.00    5.00    0.00    0.00    1.00    0.00    0.00    0.00   90.00
09:52:36 AM    3    2.86    0.00    0.00    0.00    0.00    8.57    0.00    0.00    0.00   88.57
09:52:36 AM    4    2.91    0.00    3.88    0.00    0.00   15.53    0.00    0.00    0.00   77.67
09:52:36 AM    5    0.00    0.00    2.94    0.00    0.00    3.92    0.00    0.00    0.00   93.14
09:52:36 AM    6    2.06    0.00    2.06    0.00    0.00    0.00    0.00    0.00    0.00   95.88
09:52:36 AM    7    0.98    0.00    2.94    0.00    0.00    1.96    0.00    0.00    0.00   94.12
09:52:36 AM    8    3.03    0.00    5.05    0.00    0.00    0.00    0.00    0.00    0.00   91.92
09:52:36 AM    9    1.00    0.00    0.00    0.00    0.00    0.00    0.00    0.00    0.00   99.00
09:52:36 AM   10    1.98    0.00    5.94    0.00    0.00    0.99    0.00    0.00    0.00   91.09
09:52:36 AM   11    0.00    0.00    0.00    0.00    0.00    0.00    0.00    0.00    0.00  100.00
09:52:36 AM   12    3.03    0.00    2.02    0.00    0.00    2.02    0.00    0.00    0.00   92.93
09:52:36 AM   13    1.00    0.00    2.00    0.00    0.00    0.00    0.00    0.00    0.00   97.00
09:52:36 AM   14    4.95    0.00    4.95    0.00    0.00   10.89    0.00    0.00    0.00   79.21
09:52:36 AM   15    0.00    0.00    3.03    0.00    0.00    0.00    0.00    0.00    0.00   96.97
09:52:36 AM   16    5.10    0.00    6.12    0.00    0.00    8.16    0.00    0.00    0.00   80.61
09:52:36 AM   17   12.50    0.00   10.42    0.00    0.00    3.12    0.00    0.00    0.00   73.96
09:52:36 AM   18    7.22    0.00    4.12    0.00    0.00    7.22    0.00    0.00    0.00   81.44
09:52:36 AM   19   13.73    0.00   15.69    0.00    0.00    1.96    0.00    0.00    0.00   68.63
09:52:36 AM   20    1.01    0.00    1.01    0.00    0.00    0.00    0.00    0.00    0.00   97.98
09:52:36 AM   21   12.12    0.00   10.10    0.00    0.00    3.03    0.00    0.00    0.00   74.75
09:52:36 AM   22    1.00    0.00    4.00    0.00    0.00    0.00    0.00    0.00    0.00   95.00
09:52:36 AM   23    2.02    0.00    5.05    0.00    0.00    0.00    0.00    0.00    0.00   92.93
09:52:36 AM   24    1.00    0.00    3.00    0.00    0.00    0.00    0.00    0.00    0.00   96.00
09:52:36 AM   25    0.00    0.00    0.00    0.00    0.00    0.00    0.00    0.00    0.00  100.00
09:52:36 AM   26    0.00    0.00    1.03    0.00    0.00    0.00    0.00    0.00    0.00   98.97
09:52:36 AM   27    0.00    0.00    3.00    0.00    0.00    0.00    0.00    0.00    0.00   97.00
09:52:36 AM   28    1.01    0.00    3.03    0.00    0.00    0.00    0.00    0.00    0.00   95.96
09:52:36 AM   29    0.00    0.00    4.00    0.00    0.00    0.00    0.00    0.00    0.00   96.00
09:52:36 AM   30    1.00    0.00    3.00    0.00    0.00    1.00    0.00    0.00    0.00   95.00
09:52:36 AM   31    0.00    0.00    3.03    0.00    0.00    0.00    0.00    0.00    0.00   96.97
09:52:36 AM   32    3.00    0.00    0.00    0.00    0.00    0.00    0.00    0.00    0.00   97.00
09:52:36 AM   33    0.00    0.00    3.03    0.00    0.00    0.00    0.00    0.00    0.00   96.97
09:52:36 AM   34    0.00    0.00    3.03    0.00    0.00    0.00    0.00    0.00    0.00   96.97
09:52:36 AM   35    0.00    0.00    3.00    0.00    0.00    0.00    0.00    0.00    0.00   97.00
09:52:36 AM   36    1.98    0.00    2.97    0.00    0.00    0.00    0.00    0.00    0.00   95.05
09:52:36 AM   37    1.01    0.00    2.02    0.00    0.00    0.00    0.00    0.00    0.00   96.97
09:52:36 AM   38    1.01    0.00    3.03    0.00    0.00    0.00    0.00    0.00    0.00   95.96
09:52:36 AM   39    2.97    0.00    4.95    0.00    0.00    0.99    0.00    0.00    0.00   91.09

09:52:36 AM  CPU    %usr   %nice    %sys %iowait    %irq   %soft  %steal  %guest  %gnice   %idle
09:52:37 AM  all    2.91    0.00    3.66    0.03    0.00    1.93    0.00    0.00    0.00   91.47
09:52:37 AM    0    3.96    0.00    5.94    0.00    0.00    1.98    0.00    0.00    0.00   88.12
09:52:37 AM    1    5.00    0.00    4.00    0.00    0.00    1.00    0.00    0.00    0.00   90.00
09:52:37 AM    2    4.04    0.00    6.06    0.00    0.00    0.00    0.00    0.00    0.00   89.90
09:52:37 AM    3    1.96    0.00    3.92    0.00    0.00    3.92    0.00    0.00    0.00   90.20
09:52:37 AM    4    4.00    0.00    4.00    0.00    0.00   13.00    0.00    0.00    0.00   79.00
09:52:37 AM    5    1.75    0.00    0.00    0.00    0.00   14.91    0.00    0.00    0.00   83.33
09:52:37 AM    6    5.83    0.00    5.83    0.00    0.00    0.97    0.00    0.00    0.00   87.38
09:52:37 AM    7    0.00    0.00    4.04    0.00    0.00    1.01    0.00    0.00    0.00   94.95
09:52:37 AM    8    4.04    0.00    4.04    0.00    0.00    1.01    0.00    0.00    0.00   90.91
09:52:37 AM    9    0.00    0.00    0.00    0.00    0.00    0.00    0.00    0.00    0.00  100.00
09:52:37 AM   10    1.03    0.00    4.12    0.00    0.00    0.00    0.00    0.00    0.00   94.85
09:52:37 AM   11    1.98    0.00    0.99    0.00    0.00    0.00    0.00    0.00    0.00   97.03
09:52:37 AM   12    2.06    0.00    3.09    0.00    0.00    1.03    0.00    0.00    0.00   93.81
09:52:37 AM   13    1.00    0.00    5.00    0.00    0.00    0.00    0.00    0.00    0.00   94.00
09:52:37 AM   14    4.08    0.00    3.06    0.00    0.00    7.14    0.00    0.00    0.00   85.71
09:52:37 AM   15    0.00    0.00    3.06    0.00    0.00    0.00    0.00    0.00    0.00   96.94
09:52:37 AM   16    4.12    0.00    3.09    0.00    0.00   11.34    0.00    0.00    0.00   81.44
09:52:37 AM   17   14.43    0.00   14.43    0.00    0.00    1.03    0.00    0.00    0.00   70.10
09:52:37 AM   18    5.32    0.00    2.13    0.00    0.00    9.57    0.00    0.00    0.00   82.98
09:52:37 AM   19   12.77    0.00    8.51    0.00    0.00    2.13    0.00    0.00    0.00   76.60
09:52:37 AM   20    2.97    0.00    0.99    0.00    0.00    0.00    0.00    0.00    0.00   96.04
09:52:37 AM   21   12.63    0.00   10.53    0.00    0.00    2.11    0.00    0.00    0.00   74.74
09:52:37 AM   22    1.01    0.00    3.03    0.00    0.00    0.00    0.00    0.00    0.00   95.96
09:52:37 AM   23    3.96    0.00    4.95    0.00    0.00    0.99    0.00    0.00    0.00   90.10
09:52:37 AM   24    0.99    0.00    4.95    0.00    0.00    0.00    0.00    0.00    0.00   94.06
09:52:37 AM   25    1.96    0.00    0.00    0.00    0.00    0.98    0.00    0.00    0.00   97.06
09:52:37 AM   26    2.94    0.00    0.00    0.00    0.00    0.98    0.00    0.00    0.00   96.08
09:52:37 AM   27    0.00    0.00    3.06    0.00    0.00    0.00    0.00    0.00    0.00   96.94
09:52:37 AM   28    1.00    0.00    4.00    0.00    0.00    0.00    0.00    0.00    0.00   95.00
09:52:37 AM   29    1.00    0.00    3.00    0.00    0.00    0.00    0.00    0.00    0.00   96.00
09:52:37 AM   30    1.01    0.00    3.03    0.00    0.00    0.00    0.00    0.00    0.00   95.96
09:52:37 AM   31    0.00    0.00    3.03    0.00    0.00    0.00    0.00    0.00    0.00   96.97
09:52:37 AM   32    0.99    0.00    1.98    0.00    0.00    0.00    0.00    0.00    0.00   97.03
09:52:37 AM   33    0.00    0.00    4.00    0.00    0.00    0.00    0.00    0.00    0.00   96.00
09:52:37 AM   34    2.00    0.00    1.00    0.00    0.00    0.00    0.00    0.00    0.00   97.00
09:52:37 AM   35    0.99    0.00    3.96    0.00    0.00    0.00    0.00    0.00    0.00   95.05
09:52:37 AM   36    1.00    0.00    3.00    0.00    0.00    0.00    0.00    0.00    0.00   96.00
09:52:37 AM   37    0.00    0.00    4.00    0.00    0.00    0.00    0.00    0.00    0.00   96.00
09:52:37 AM   38    1.01    0.00    2.02    0.00    0.00    0.00    0.00    0.00    0.00   96.97
09:52:37 AM   39    4.00    0.00    4.00    0.00    0.00    0.00    0.00    0.00    0.00   92.00

09:52:37 AM  CPU    %usr   %nice    %sys %iowait    %irq   %soft  %steal  %guest  %gnice   %idle
09:52:38 AM  all    2.68    0.00    3.20    0.00    0.00    2.23    0.00    0.00    0.00   91.89
09:52:38 AM    0    3.12    0.00    0.00    0.00    0.00    1.04    0.00    0.00    0.00   95.83
09:52:38 AM    1    2.97    0.00    4.95    0.00    0.00    1.98    0.00    0.00    0.00   90.10
09:52:38 AM    2    3.00    0.00    5.00    0.00    0.00    0.00    0.00    0.00    0.00   92.00
09:52:38 AM    3    2.80    0.00    4.67    0.00    0.00    7.48    0.00    0.00    0.00   85.05
09:52:38 AM    4    4.00    0.00    3.00    0.00    0.00   12.00    0.00    0.00    0.00   81.00
09:52:38 AM    5    0.00    0.00    0.94    0.00    0.00    8.49    0.00    0.00    0.00   90.57
09:52:38 AM    6    2.04    0.00    4.08    0.00    0.00    0.00    0.00    0.00    0.00   93.88
09:52:38 AM    7    0.00    0.00    3.88    0.00    0.00    2.91    0.00    0.00    0.00   93.20
09:52:38 AM    8    2.06    0.00    2.06    0.00    0.00    1.03    0.00    0.00    0.00   94.85
09:52:38 AM    9    1.00    0.00    1.00    0.00    0.00    0.00    0.00    0.00    0.00   98.00
09:52:38 AM   10    3.06    0.00    4.08    0.00    0.00    0.00    0.00    0.00    0.00   92.86
09:52:38 AM   11    0.00    0.00    0.00    0.00    0.00    0.00    0.00    0.00    0.00  100.00
09:52:38 AM   12    4.85    0.00    2.91    0.00    0.00    4.85    0.00    0.00    0.00   87.38
09:52:38 AM   13    0.00    0.00    4.04    0.00    0.00    0.00    0.00    0.00    0.00   95.96
09:52:38 AM   14    4.00    0.00    5.00    0.00    0.00   10.00    0.00    0.00    0.00   81.00
09:52:38 AM   15    1.00    0.00    3.00    0.00    0.00    0.00    0.00    0.00    0.00   96.00
09:52:38 AM   16    5.00    0.00    2.00    0.00    0.00   13.00    0.00    0.00    0.00   80.00
09:52:38 AM   17   12.63    0.00    9.47    0.00    0.00    3.16    0.00    0.00    0.00   74.74
09:52:38 AM   18    6.60    0.00    2.83    0.00    0.00   15.09    0.00    0.00    0.00   75.47
09:52:38 AM   19   10.64    0.00    9.57    0.00    0.00    2.13    0.00    0.00    0.00   77.66
09:52:38 AM   20    0.00    0.00    3.06    0.00    0.00    0.00    0.00    0.00    0.00   96.94
09:52:38 AM   21   18.37    0.00    9.18    0.00    0.00    3.06    0.00    0.00    0.00   69.39
09:52:38 AM   22    2.00    0.00    3.00    0.00    0.00    0.00    0.00    0.00    0.00   95.00
09:52:38 AM   23    4.90    0.00    4.90    0.00    0.00    0.00    0.00    0.00    0.00   90.20
09:52:38 AM   24    0.00    0.00    2.04    0.00    0.00    0.00    0.00    0.00    0.00   97.96
09:52:38 AM   25    1.01    0.00    1.01    0.00    0.00    0.00    0.00    0.00    0.00   97.98
09:52:38 AM   26    1.00    0.00    1.00    0.00    0.00    0.00    0.00    0.00    0.00   98.00
09:52:38 AM   27    1.00    0.00    3.00    0.00    0.00    0.00    0.00    0.00    0.00   96.00
09:52:38 AM   28    0.99    0.00    3.96    0.00    0.00    0.00    0.00    0.00    0.00   95.05
09:52:38 AM   29    0.00    0.00    3.03    0.00    0.00    0.00    0.00    0.00    0.00   96.97
09:52:38 AM   30    1.96    0.00    3.92    0.00    0.00    0.00    0.00    0.00    0.00   94.12
09:52:38 AM   31    0.00    0.00    3.03    0.00    0.00    0.00    0.00    0.00    0.00   96.97
09:52:38 AM   32    1.01    0.00    0.00    0.00    0.00    1.01    0.00    0.00    0.00   97.98
09:52:38 AM   33    0.00    0.00    2.02    0.00    0.00    0.00    0.00    0.00    0.00   97.98
09:52:38 AM   34    2.97    0.00    1.98    0.00    0.00    0.99    0.00    0.00    0.00   94.06
09:52:38 AM   35    0.00    0.00    2.02    0.00    0.00    0.00    0.00    0.00    0.00   97.98
09:52:38 AM   36    0.00    0.00    4.00    0.00    0.00    0.00    0.00    0.00    0.00   96.00
09:52:38 AM   37    0.99    0.00    2.97    0.00    0.00    0.00    0.00    0.00    0.00   96.04
09:52:38 AM   38    1.02    0.00    2.04    0.00    0.00    0.00    0.00    0.00    0.00   96.94
09:52:38 AM   39    3.00    0.00    3.00    0.00    0.00    0.00    0.00    0.00    0.00   94.00

09:52:38 AM  CPU    %usr   %nice    %sys %iowait    %irq   %soft  %steal  %guest  %gnice   %idle
09:52:39 AM  all    2.62    0.00    3.35    0.00    0.00    1.94    0.00    0.00    0.00   92.10
09:52:39 AM    0    3.09    0.00    3.09    0.00    0.00    0.00    0.00    0.00    0.00   93.81
09:52:39 AM    1    2.94    0.00    3.92    0.00    0.00    4.90    0.00    0.00    0.00   88.24
09:52:39 AM    2    0.98    0.00    4.90    0.00    0.00    4.90    0.00    0.00    0.00   89.22
09:52:39 AM    3    4.81    0.00    4.81    0.00    0.00    3.85    0.00    0.00    0.00   86.54
09:52:39 AM    4    4.08    0.00    5.10    0.00    0.00    8.16    0.00    0.00    0.00   82.65
09:52:39 AM    5    0.94    0.00    0.94    0.00    0.00    7.55    0.00    0.00    0.00   90.57
09:52:39 AM    6    4.00    0.00    4.00    0.00    0.00    1.00    0.00    0.00    0.00   91.00
09:52:39 AM    7    0.00    0.00    3.09    0.00    0.00    0.00    0.00    0.00    0.00   96.91
09:52:39 AM    8    3.06    0.00    2.04    0.00    0.00    1.02    0.00    0.00    0.00   93.88
09:52:39 AM    9    0.00    0.00    0.00    0.00    0.00    0.00    0.00    0.00    0.00  100.00
09:52:39 AM   10    3.06    0.00    4.08    0.00    0.00    0.00    0.00    0.00    0.00   92.86
09:52:39 AM   11    0.00    0.00    1.00    0.00    0.00    0.00    0.00    0.00    0.00   99.00
09:52:39 AM   12    2.06    0.00    5.15    0.00    0.00    0.00    0.00    0.00    0.00   92.78
09:52:39 AM   13    0.00    0.00    3.06    0.00    0.00    0.00    0.00    0.00    0.00   96.94
09:52:39 AM   14    2.00    0.00    6.00    0.00    0.00   11.00    0.00    0.00    0.00   81.00
09:52:39 AM   15    1.00    0.00    0.00    0.00    0.00    0.00    0.00    0.00    0.00   99.00
09:52:39 AM   16    4.08    0.00    3.06    0.00    0.00   12.24    0.00    0.00    0.00   80.61
09:52:39 AM   17   16.16    0.00   12.12    0.00    0.00    2.02    0.00    0.00    0.00   69.70
09:52:39 AM   18    4.08    0.00    3.06    0.00    0.00   12.24    0.00    0.00    0.00   80.61
09:52:39 AM   19   16.00    0.00   10.00    0.00    0.00    3.00    0.00    0.00    0.00   71.00
09:52:39 AM   20    1.98    0.00    1.98    0.00    0.00    0.99    0.00    0.00    0.00   95.05
09:52:39 AM   21   11.83    0.00    6.45    0.00    0.00    2.15    0.00    0.00    0.00   79.57
09:52:39 AM   22    0.00    0.00    3.03    0.00    0.00    0.00    0.00    0.00    0.00   96.97
09:52:39 AM   23    3.06    0.00    4.08    0.00    0.00    0.00    0.00    0.00    0.00   92.86
09:52:39 AM   24    2.02    0.00    2.02    0.00    0.00    0.00    0.00    0.00    0.00   95.96
09:52:39 AM   25    1.98    0.00    0.99    0.00    0.00    0.00    0.00    0.00    0.00   97.03
09:52:39 AM   26    0.00    0.00    0.00    0.00    0.00    0.00    0.00    0.00    0.00  100.00
09:52:39 AM   27    1.00    0.00    3.00    0.00    0.00    0.00    0.00    0.00    0.00   96.00
09:52:39 AM   28    1.00    0.00    3.00    0.00    0.00    0.00    0.00    0.00    0.00   96.00
09:52:39 AM   29    1.00    0.00    2.00    0.00    0.00    0.00    0.00    0.00    0.00   97.00
09:52:39 AM   30    0.00    0.00    2.04    0.00    0.00    0.00    0.00    0.00    0.00   97.96
09:52:39 AM   31    0.99    0.00    2.97    0.00    0.00    0.00    0.00    0.00    0.00   96.04
09:52:39 AM   32    0.00    0.00    0.00    0.00    0.00    0.00    0.00    0.00    0.00  100.00
09:52:39 AM   33    0.00    0.00    4.04    0.00    0.00    0.00    0.00    0.00    0.00   95.96
09:52:39 AM   34    1.02    0.00    2.04    0.00    0.00    0.00    0.00    0.00    0.00   96.94
09:52:39 AM   35    0.00    0.00    3.03    0.00    0.00    0.00    0.00    0.00    0.00   96.97
09:52:39 AM   36    1.01    0.00    2.02    0.00    0.00    0.00    0.00    0.00    0.00   96.97
09:52:39 AM   37    0.00    0.00    3.03    0.00    0.00    0.00    0.00    0.00    0.00   96.97
09:52:39 AM   38    1.00    0.00    3.00    0.00    0.00    0.00    0.00    0.00    0.00   96.00
09:52:39 AM   39    3.00    0.00    4.00    0.00    0.00    0.00    0.00    0.00    0.00   93.00

09:52:39 AM  CPU    %usr   %nice    %sys %iowait    %irq   %soft  %steal  %guest  %gnice   %idle
09:52:40 AM  all    2.37    0.00    3.05    0.00    0.00    1.74    0.00    0.00    0.00   92.84
09:52:40 AM    0    4.95    0.00    4.95    0.00    0.00    0.00    0.00    0.00    0.00   90.10
09:52:40 AM    1    2.94    0.00    3.92    0.00    0.00    3.92    0.00    0.00    0.00   89.22
09:52:40 AM    2    4.08    0.00    4.08    0.00    0.00    1.02    0.00    0.00    0.00   90.82
09:52:40 AM    3    2.94    0.00    2.94    0.00    0.00    3.92    0.00    0.00    0.00   90.20
09:52:40 AM    4    4.04    0.00    5.05    0.00    0.00   11.11    0.00    0.00    0.00   79.80
09:52:40 AM    5    0.00    0.00    1.90    0.00    0.00    6.67    0.00    0.00    0.00   91.43
09:52:40 AM    6    1.03    0.00    5.15    0.00    0.00    0.00    0.00    0.00    0.00   93.81
09:52:40 AM    7    1.01    0.00    3.03    0.00    0.00    0.00    0.00    0.00    0.00   95.96
09:52:40 AM    8    3.96    0.00    2.97    0.00    0.00    0.00    0.00    0.00    0.00   93.07
09:52:40 AM    9    0.00    0.00    0.00    0.00    0.00    0.00    0.00    0.00    0.00  100.00
09:52:40 AM   10    1.03    0.00    3.09    0.00    0.00    1.03    0.00    0.00    0.00   94.85
09:52:40 AM   11    0.00    0.00    0.00    0.00    0.00    0.00    0.00    0.00    0.00  100.00
09:52:40 AM   12    2.97    0.00    2.97    0.00    0.00    3.96    0.00    0.00    0.00   90.10
09:52:40 AM   13    0.00    0.00    1.00    0.00    0.00    0.00    0.00    0.00    0.00   99.00
09:52:40 AM   14    2.06    0.00    3.09    0.00    0.00    8.25    0.00    0.00    0.00   86.60
09:52:40 AM   15    0.00    0.00    1.00    0.00    0.00    0.00    0.00    0.00    0.00   99.00
09:52:40 AM   16    4.17    0.00    5.21    0.00    0.00    8.33    0.00    0.00    0.00   82.29
09:52:40 AM   17   17.71    0.00    8.33    0.00    0.00    4.17    0.00    0.00    0.00   69.79
09:52:40 AM   18    5.10    0.00    3.06    0.00    0.00   11.22    0.00    0.00    0.00   80.61
09:52:40 AM   19   11.58    0.00   10.53    0.00    0.00    3.16    0.00    0.00    0.00   74.74
09:52:40 AM   20    0.00    0.00    2.06    0.00    0.00    0.00    0.00    0.00    0.00   97.94
09:52:40 AM   21   12.87    0.00   10.89    0.00    0.00    2.97    0.00    0.00    0.00   73.27
09:52:40 AM   22    1.00    0.00    1.00    0.00    0.00    1.00    0.00    0.00    0.00   97.00
09:52:40 AM   23    3.03    0.00    4.04    0.00    0.00    0.00    0.00    0.00    0.00   92.93
09:52:40 AM   24    0.00    0.00    0.00    0.00    0.00    0.00    0.00    0.00    0.00  100.00
09:52:40 AM   25    1.96    0.00    0.98    0.00    0.00    0.00    0.00    0.00    0.00   97.06
09:52:40 AM   26    1.01    0.00    3.03    0.00    0.00    0.00    0.00    0.00    0.00   95.96
09:52:40 AM   27    0.00    0.00    3.03    0.00    0.00    0.00    0.00    0.00    0.00   96.97
09:52:40 AM   28    0.00    0.00    3.06    0.00    0.00    0.00    0.00    0.00    0.00   96.94
09:52:40 AM   29    0.00    0.00    3.03    0.00    0.00    0.00    0.00    0.00    0.00   96.97
09:52:40 AM   30    1.00    0.00    4.00    0.00    0.00    0.00    0.00    0.00    0.00   95.00
09:52:40 AM   31    0.00    0.00    2.02    0.00    0.00    0.00    0.00    0.00    0.00   97.98
09:52:40 AM   32    1.00    0.00    1.00    0.00    0.00    0.00    0.00    0.00    0.00   98.00
09:52:40 AM   33    0.00    0.00    2.02    0.00    0.00    0.00    0.00    0.00    0.00   97.98
09:52:40 AM   34    0.00    0.00    2.04    0.00    0.00    0.00    0.00    0.00    0.00   97.96
09:52:40 AM   35    0.00    0.00    2.02    0.00    0.00    0.00    0.00    0.00    0.00   97.98
09:52:40 AM   36    0.00    0.00    0.00    0.00    0.00    0.00    0.00    0.00    0.00  100.00
09:52:40 AM   37    0.00    0.00    3.00    0.00    0.00    0.00    0.00    0.00    0.00   97.00
09:52:40 AM   38    1.01    0.00    2.02    0.00    0.00    0.00    0.00    0.00    0.00   96.97
09:52:40 AM   39    0.00    0.00    4.04    0.00    0.00    1.01    0.00    0.00    0.00   94.95

09:52:40 AM  CPU    %usr   %nice    %sys %iowait    %irq   %soft  %steal  %guest  %gnice   %idle
09:52:41 AM  all    2.50    0.00    2.98    0.00    0.00    1.79    0.00    0.00    0.00   92.72
09:52:41 AM    0    4.04    0.00    3.03    0.00    0.00    1.01    0.00    0.00    0.00   91.92
09:52:41 AM    1    1.01    0.00    4.04    0.00    0.00    2.02    0.00    0.00    0.00   92.93
09:52:41 AM    2    4.08    0.00    2.04    0.00    0.00    1.02    0.00    0.00    0.00   92.86
09:52:41 AM    3    1.98    0.00    1.98    0.00    0.00    3.96    0.00    0.00    0.00   92.08
09:52:41 AM    4    6.12    0.00    4.08    0.00    0.00   10.20    0.00    0.00    0.00   79.59
09:52:41 AM    5    1.82    0.00    3.64    0.00    0.00    9.09    0.00    0.00    0.00   85.45
09:52:41 AM    6    5.05    0.00    3.03    0.00    0.00    1.01    0.00    0.00    0.00   90.91
09:52:41 AM    7    0.97    0.00    0.97    0.00    0.00    3.88    0.00    0.00    0.00   94.17
09:52:41 AM    8    3.03    0.00    4.04    0.00    0.00    1.01    0.00    0.00    0.00   91.92
09:52:41 AM    9    1.00    0.00    1.00    0.00    0.00    0.00    0.00    0.00    0.00   98.00
09:52:41 AM   10    4.95    0.00    4.95    0.00    0.00    0.99    0.00    0.00    0.00   89.11
09:52:41 AM   11    1.01    0.00    0.00    0.00    0.00    0.00    0.00    0.00    0.00   98.99
09:52:41 AM   12    2.08    0.00    4.17    0.00    0.00    1.04    0.00    0.00    0.00   92.71
09:52:41 AM   13    0.00    0.00    0.00    0.00    0.00    0.00    0.00    0.00    0.00  100.00
09:52:41 AM   14    4.08    0.00    2.04    0.00    0.00    8.16    0.00    0.00    0.00   85.71
09:52:41 AM   15    0.00    0.00    0.00    0.00    0.00    0.00    0.00    0.00    0.00  100.00
09:52:41 AM   16    4.00    0.00    6.00    0.00    0.00   11.00    0.00    0.00    0.00   79.00
09:52:41 AM   17   12.90    0.00    8.60    0.00    0.00    2.15    0.00    0.00    0.00   76.34
09:52:41 AM   18    4.04    0.00    3.03    0.00    0.00   11.11    0.00    0.00    0.00   81.82
09:52:41 AM   19   12.63    0.00    9.47    0.00    0.00    3.16    0.00    0.00    0.00   74.74
09:52:41 AM   20    0.00    0.00    3.00    0.00    0.00    0.00    0.00    0.00    0.00   97.00
09:52:41 AM   21   13.68    0.00    9.47    0.00    0.00    2.11    0.00    0.00    0.00   74.74
09:52:41 AM   22    1.01    0.00    0.00    0.00    0.00    0.00    0.00    0.00    0.00   98.99
09:52:41 AM   23    3.03    0.00    4.04    0.00    0.00    0.00    0.00    0.00    0.00   92.93
09:52:41 AM   24    2.04    0.00    0.00    0.00    0.00    0.00    0.00    0.00    0.00   97.96
09:52:41 AM   25    2.00    0.00    1.00    0.00    0.00    0.00    0.00    0.00    0.00   97.00
09:52:41 AM   26    0.99    0.00    4.95    0.00    0.00    0.00    0.00    0.00    0.00   94.06
09:52:41 AM   27    1.00    0.00    2.00    0.00    0.00    0.00    0.00    0.00    0.00   97.00
09:52:41 AM   28    1.01    0.00    1.01    0.00    0.00    0.00    0.00    0.00    0.00   97.98
09:52:41 AM   29    0.00    0.00    3.00    0.00    0.00    0.00    0.00    0.00    0.00   97.00
09:52:41 AM   30    1.02    0.00    2.04    0.00    0.00    0.00    0.00    0.00    0.00   96.94
09:52:41 AM   31    1.00    0.00    3.00    0.00    0.00    0.00    0.00    0.00    0.00   96.00
09:52:41 AM   32    1.00    0.00    1.00    0.00    0.00    0.00    0.00    0.00    0.00   98.00
09:52:41 AM   33    0.00    0.00    3.00    0.00    0.00    0.00    0.00    0.00    0.00   97.00
09:52:41 AM   34    1.01    0.00    2.02    0.00    0.00    0.00    0.00    0.00    0.00   96.97
09:52:41 AM   35    0.00    0.00    3.00    0.00    0.00    0.00    0.00    0.00    0.00   97.00
09:52:41 AM   36    1.02    0.00    1.02    0.00    0.00    0.00    0.00    0.00    0.00   97.96
09:52:41 AM   37    0.00    0.00    3.03    0.00    0.00    0.00    0.00    0.00    0.00   96.97
09:52:41 AM   38    0.00    0.00    3.00    0.00    0.00    1.00    0.00    0.00    0.00   96.00
09:52:41 AM   39    2.04    0.00    3.06    0.00    0.00    0.00    0.00    0.00    0.00   94.90

09:52:41 AM  CPU    %usr   %nice    %sys %iowait    %irq   %soft  %steal  %guest  %gnice   %idle
09:52:42 AM  all    2.59    0.00    3.64    0.00    0.00    2.01    0.00    0.00    0.00   91.76
09:52:42 AM    0    1.06    0.00    3.19    0.00    0.00    0.00    0.00    0.00    0.00   95.74
09:52:42 AM    1    2.97    0.00    5.94    0.00    0.00    0.99    0.00    0.00    0.00   90.10
09:52:42 AM    2    3.03    0.00    5.05    0.00    0.00    0.00    0.00    0.00    0.00   91.92
09:52:42 AM    3    3.77    0.00    0.00    0.00    0.00    5.66    0.00    0.00    0.00   90.57
09:52:42 AM    4    4.12    0.00    3.09    0.00    0.00   10.31    0.00    0.00    0.00   82.47
09:52:42 AM    5    0.93    0.00    3.74    0.00    0.00    7.48    0.00    0.00    0.00   87.85
09:52:42 AM    6    4.04    0.00    3.03    0.00    0.00    0.00    0.00    0.00    0.00   92.93
09:52:42 AM    7    0.00    0.00    2.97    0.00    0.00    1.98    0.00    0.00    0.00   95.05
09:52:42 AM    8    1.02    0.00    6.12    0.00    0.00    0.00    0.00    0.00    0.00   92.86
09:52:42 AM    9    0.00    0.00    0.00    0.00    0.00    0.00    0.00    0.00    0.00  100.00
09:52:42 AM   10    3.00    0.00    3.00    0.00    0.00    1.00    0.00    0.00    0.00   93.00
09:52:42 AM   11    1.00    0.00    1.00    0.00    0.00    0.00    0.00    0.00    0.00   98.00
09:52:42 AM   12    2.04    0.00    4.08    0.00    0.00    3.06    0.00    0.00    0.00   90.82
09:52:42 AM   13    1.01    0.00    0.00    0.00    0.00    0.00    0.00    0.00    0.00   98.99
09:52:42 AM   14    2.02    0.00    4.04    0.00    0.00   11.11    0.00    0.00    0.00   82.83
09:52:42 AM   15    1.02    0.00    2.04    0.00    0.00    0.00    0.00    0.00    0.00   96.94
09:52:42 AM   16    4.08    0.00    3.06    0.00    0.00   13.27    0.00    0.00    0.00   79.59
09:52:42 AM   17   13.27    0.00   14.29    0.00    0.00    5.10    0.00    0.00    0.00   67.35
09:52:42 AM   18    6.12    0.00    3.06    0.00    0.00   10.20    0.00    0.00    0.00   80.61
09:52:42 AM   19   12.90    0.00    9.68    0.00    0.00    2.15    0.00    0.00    0.00   75.27
09:52:42 AM   20    2.00    0.00    3.00    0.00    0.00    1.00    0.00    0.00    0.00   94.00
09:52:42 AM   21   13.54    0.00   12.50    0.00    0.00    1.04    0.00    0.00    0.00   72.92
09:52:42 AM   22    1.01    0.00    1.01    0.00    0.00    0.00    0.00    0.00    0.00   97.98
09:52:42 AM   23    2.02    0.00    4.04    0.00    0.00    1.01    0.00    0.00    0.00   92.93
09:52:42 AM   24    0.00    0.00    0.00    0.00    0.00    0.00    0.00    0.00    0.00  100.00
09:52:42 AM   25    1.00    0.00    2.00    0.00    0.00    0.00    0.00    0.00    0.00   97.00
09:52:42 AM   26    2.02    0.00    3.03    0.00    0.00    0.00    0.00    0.00    0.00   94.95
09:52:42 AM   27    1.00    0.00    3.00    0.00    0.00    0.00    0.00    0.00    0.00   96.00
09:52:42 AM   28    1.00    0.00    4.00    0.00    0.00    1.00    0.00    0.00    0.00   94.00
09:52:42 AM   29    0.00    0.00    3.03    0.00    0.00    0.00    0.00    0.00    0.00   96.97
09:52:42 AM   30    0.00    0.00    3.03    0.00    0.00    0.00    0.00    0.00    0.00   96.97
09:52:42 AM   31    0.00    0.00    3.03    0.00    0.00    0.00    0.00    0.00    0.00   96.97
09:52:42 AM   32    1.01    0.00    0.00    0.00    0.00    0.00    0.00    0.00    0.00   98.99
09:52:42 AM   33    1.00    0.00    3.00    0.00    0.00    0.00    0.00    0.00    0.00   96.00
09:52:42 AM   34    1.00    0.00    3.00    0.00    0.00    0.00    0.00    0.00    0.00   96.00
09:52:42 AM   35    0.00    0.00    3.06    0.00    0.00    0.00    0.00    0.00    0.00   96.94
09:52:42 AM   36    1.02    0.00    3.06    0.00    0.00    0.00    0.00    0.00    0.00   95.92
09:52:42 AM   37    1.00    0.00    3.00    0.00    0.00    0.00    0.00    0.00    0.00   96.00
09:52:42 AM   38    3.00    0.00    1.00    0.00    0.00    0.00    0.00    0.00    0.00   96.00
09:52:42 AM   39    2.94    0.00    4.90    0.00    0.00    0.00    0.00    0.00    0.00   92.16

09:52:42 AM  CPU    %usr   %nice    %sys %iowait    %irq   %soft  %steal  %guest  %gnice   %idle
09:52:43 AM  all    1.61    0.00    3.45    0.00    0.00    1.31    0.00    0.00    0.00   93.63
09:52:43 AM    0    3.03    0.00    4.04    0.00    0.00    0.00    0.00    0.00    0.00   92.93
09:52:43 AM    1    2.94    0.00    4.90    0.00    0.00    2.94    0.00    0.00    0.00   89.22
09:52:43 AM    2    2.02    0.00    5.05    0.00    0.00    1.01    0.00    0.00    0.00   91.92
09:52:43 AM    3    2.86    0.00    1.90    0.00    0.00    3.81    0.00    0.00    0.00   91.43
09:52:43 AM    4    1.98    0.00    4.95    0.00    0.00    9.90    0.00    0.00    0.00   83.17
09:52:43 AM    5    0.00    0.00    0.94    0.00    0.00    8.49    0.00    0.00    0.00   90.57
09:52:43 AM    6    4.00    0.00    1.00    0.00    0.00    0.00    0.00    0.00    0.00   95.00
09:52:43 AM    7    0.00    0.00    4.08    0.00    0.00    0.00    0.00    0.00    0.00   95.92
09:52:43 AM    8    2.04    0.00    4.08    0.00    0.00    0.00    0.00    0.00    0.00   93.88
09:52:43 AM    9    0.00    0.00    0.00    0.00    0.00    0.00    0.00    0.00    0.00  100.00
09:52:43 AM   10    2.02    0.00    1.01    0.00    0.00    0.00    0.00    0.00    0.00   96.97
09:52:43 AM   11    0.00    0.00    1.01    0.00    0.00    0.00    0.00    0.00    0.00   98.99
09:52:43 AM   12    3.00    0.00    5.00    0.00    0.00    1.00    0.00    0.00    0.00   91.00
09:52:43 AM   13    1.00    0.00    0.00    0.00    0.00    0.00    0.00    0.00    0.00   99.00
09:52:43 AM   14    2.02    0.00    6.06    0.00    0.00    6.06    0.00    0.00    0.00   85.86
09:52:43 AM   15    0.00    0.00    4.04    0.00    0.00    0.00    0.00    0.00    0.00   95.96
09:52:43 AM   16    1.02    0.00    2.04    0.00    0.00    7.14    0.00    0.00    0.00   89.80
09:52:43 AM   17   10.20    0.00    5.10    0.00    0.00    2.04    0.00    0.00    0.00   82.65
09:52:43 AM   18    3.00    0.00    7.00    0.00    0.00    6.00    0.00    0.00    0.00   84.00
09:52:43 AM   19    9.28    0.00   10.31    0.00    0.00    2.06    0.00    0.00    0.00   78.35
09:52:43 AM   20    1.02    0.00    3.06    0.00    0.00    0.00    0.00    0.00    0.00   95.92
09:52:43 AM   21    9.09    0.00    6.06    0.00    0.00    1.01    0.00    0.00    0.00   83.84
09:52:43 AM   22    0.00    0.00    0.00    0.00    0.00    0.00    0.00    0.00    0.00  100.00
09:52:43 AM   23    3.92    0.00    4.90    0.00    0.00    0.00    0.00    0.00    0.00   91.18
09:52:43 AM   24    1.00    0.00    0.00    0.00    0.00    0.00    0.00    0.00    0.00   99.00
09:52:43 AM   25    0.00    0.00    4.04    0.00    0.00    0.00    0.00    0.00    0.00   95.96
09:52:43 AM   26    0.00    0.00    5.00    0.00    0.00    0.00    0.00    0.00    0.00   95.00
09:52:43 AM   27    0.00    0.00    4.04    0.00    0.00    0.00    0.00    0.00    0.00   95.96
09:52:43 AM   28    1.00    0.00    4.00    0.00    0.00    0.00    0.00    0.00    0.00   95.00
09:52:43 AM   29    0.00    0.00    4.00    0.00    0.00    0.00    0.00    0.00    0.00   96.00
09:52:43 AM   30    0.00    0.00    4.04    0.00    0.00    0.00    0.00    0.00    0.00   95.96
09:52:43 AM   31    0.00    0.00    4.04    0.00    0.00    0.00    0.00    0.00    0.00   95.96
09:52:43 AM   32    0.00    0.00    1.01    0.00    0.00    0.00    0.00    0.00    0.00   98.99
09:52:43 AM   33    0.00    0.00    4.04    0.00    0.00    0.00    0.00    0.00    0.00   95.96
09:52:43 AM   34    0.00    0.00    4.04    0.00    0.00    1.01    0.00    0.00    0.00   94.95
09:52:43 AM   35    0.00    0.00    0.00    0.00    0.00    0.00    0.00    0.00    0.00  100.00
09:52:43 AM   36    1.00    0.00    4.00    0.00    0.00    0.00    0.00    0.00    0.00   95.00
09:52:43 AM   37    0.00    0.00    4.95    0.00    0.00    0.00    0.00    0.00    0.00   95.05
09:52:43 AM   38    0.00    0.00    4.00    0.00    0.00    0.00    0.00    0.00    0.00   96.00
09:52:43 AM   39    1.01    0.00    4.04    0.00    0.00    1.01    0.00    0.00    0.00   93.94

09:52:43 AM  CPU    %usr   %nice    %sys %iowait    %irq   %soft  %steal  %guest  %gnice   %idle
09:52:44 AM  all    0.40    0.00    3.01    0.00    0.00    0.00    0.00    0.00    0.00   96.59
09:52:44 AM    0    0.00    0.00    4.08    0.00    0.00    0.00    0.00    0.00    0.00   95.92
09:52:44 AM    1    0.99    0.00    4.95    0.00    0.00    0.00    0.00    0.00    0.00   94.06
09:52:44 AM    2    1.00    0.00    5.00    0.00    0.00    0.00    0.00    0.00    0.00   94.00
09:52:44 AM    3    0.00    0.00    0.00    0.00    0.00    0.00    0.00    0.00    0.00  100.00
09:52:44 AM    4    0.00    0.00    4.08    0.00    0.00    0.00    0.00    0.00    0.00   95.92
09:52:44 AM    5    0.99    0.00    0.99    0.00    0.00    0.00    0.00    0.00    0.00   98.02
09:52:44 AM    6    0.00    0.00    0.00    0.00    0.00    0.00    0.00    0.00    0.00  100.00
09:52:44 AM    7    0.00    0.00    4.04    0.00    0.00    0.00    0.00    0.00    0.00   95.96
09:52:44 AM    8    0.00    0.00    3.06    0.00    0.00    0.00    0.00    0.00    0.00   96.94
09:52:44 AM    9    0.00    0.00    0.00    0.00    0.00    0.00    0.00    0.00    0.00  100.00
09:52:44 AM   10    0.00    0.00    0.00    0.00    0.00    0.00    0.00    0.00    0.00  100.00
09:52:44 AM   11    0.00    0.00    0.00    0.00    0.00    0.00    0.00    0.00    0.00  100.00
09:52:44 AM   12    0.00    0.00    4.04    0.00    0.00    0.00    0.00    0.00    0.00   95.96
09:52:44 AM   13    0.00    0.00    0.00    0.00    0.00    0.00    0.00    0.00    0.00  100.00
09:52:44 AM   14    1.00    0.00    4.00    0.00    0.00    0.00    0.00    0.00    0.00   95.00
09:52:44 AM   15    0.99    0.00    3.96    0.00    0.00    0.00    0.00    0.00    0.00   95.05
09:52:44 AM   16    1.01    0.00    5.05    0.00    0.00    0.00    0.00    0.00    0.00   93.94
09:52:44 AM   17    0.00    0.00    0.00    0.00    0.00    0.00    0.00    0.00    0.00  100.00
09:52:44 AM   18    1.01    0.00    5.05    0.00    0.00    0.00    0.00    0.00    0.00   93.94
09:52:44 AM   19    0.00    0.00    4.04    0.00    0.00    0.00    0.00    0.00    0.00   95.96
09:52:44 AM   20    0.98    0.00    4.90    0.00    0.00    0.00    0.00    0.00    0.00   94.12
09:52:44 AM   21    0.00    0.00    1.00    0.00    0.00    0.00    0.00    0.00    0.00   99.00
09:52:44 AM   22    0.99    0.00    0.99    0.00    0.00    0.00    0.00    0.00    0.00   98.02
09:52:44 AM   23    0.00    0.00    4.04    0.00    0.00    0.00    0.00    0.00    0.00   95.96
09:52:44 AM   24    1.00    0.00    0.00    0.00    0.00    0.00    0.00    0.00    0.00   99.00
09:52:44 AM   25    0.00    0.00    4.04    0.00    0.00    0.00    0.00    0.00    0.00   95.96
09:52:44 AM   26    0.00    0.00    4.04    0.00    0.00    0.00    0.00    0.00    0.00   95.96
09:52:44 AM   27    0.00    0.00    5.00    0.00    0.00    0.00    0.00    0.00    0.00   95.00
09:52:44 AM   28    0.00    0.00    4.04    0.00    0.00    0.00    0.00    0.00    0.00   95.96
09:52:44 AM   29    0.00    0.00    5.00    0.00    0.00    0.00    0.00    0.00    0.00   95.00
09:52:44 AM   30    0.00    0.00    3.03    0.00    0.00    0.00    0.00    0.00    0.00   96.97
09:52:44 AM   31    0.00    0.00    5.00    0.00    0.00    0.00    0.00    0.00    0.00   95.00
09:52:44 AM   32    1.00    0.00    0.00    0.00    0.00    0.00    0.00    0.00    0.00   99.00
09:52:44 AM   33    0.00    0.00    4.04    0.00    0.00    0.00    0.00    0.00    0.00   95.96
09:52:44 AM   34    1.98    0.00    4.95    0.00    0.00    0.00    0.00    0.00    0.00   93.07
09:52:44 AM   35    0.99    0.00    0.99    0.00    0.00    0.00    0.00    0.00    0.00   98.02
09:52:44 AM   36    0.00    0.00    4.04    0.00    0.00    0.00    0.00    0.00    0.00   95.96
09:52:44 AM   37    0.00    0.00    4.04    0.00    0.00    0.00    0.00    0.00    0.00   95.96
09:52:44 AM   38    1.00    0.00    4.00    0.00    0.00    0.00    0.00    0.00    0.00   95.00
09:52:44 AM   39    0.00    0.00    4.04    0.00    0.00    0.00    0.00    0.00    0.00   95.96

09:52:44 AM  CPU    %usr   %nice    %sys %iowait    %irq   %soft  %steal  %guest  %gnice   %idle
09:52:45 AM  all    0.08    0.00    2.72    0.00    0.00    0.03    0.00    0.00    0.00   97.18
09:52:45 AM    0    0.00    0.00    4.00    0.00    0.00    1.00    0.00    0.00    0.00   95.00
09:52:45 AM    1    0.00    0.00    4.04    0.00    0.00    0.00    0.00    0.00    0.00   95.96
09:52:45 AM    2    0.00    0.00    4.04    0.00    0.00    0.00    0.00    0.00    0.00   95.96
09:52:45 AM    3    0.00    0.00    0.00    0.00    0.00    0.00    0.00    0.00    0.00  100.00
09:52:45 AM    4    1.01    0.00    3.03    0.00    0.00    0.00    0.00    0.00    0.00   95.96
09:52:45 AM    5    0.00    0.00    0.00    0.00    0.00    0.00    0.00    0.00    0.00  100.00
09:52:45 AM    6    1.01    0.00    0.00    0.00    0.00    0.00    0.00    0.00    0.00   98.99
09:52:45 AM    7    0.00    0.00    5.00    0.00    0.00    0.00    0.00    0.00    0.00   95.00
09:52:45 AM    8    0.00    0.00    5.00    0.00    0.00    0.00    0.00    0.00    0.00   95.00
09:52:45 AM    9    0.00    0.00    0.00    0.00    0.00    0.00    0.00    0.00    0.00  100.00
09:52:45 AM   10    0.00    0.00    0.00    0.00    0.00    0.00    0.00    0.00    0.00  100.00
09:52:45 AM   11    0.00    0.00    0.00    0.00    0.00    0.00    0.00    0.00    0.00  100.00
09:52:45 AM   12    0.00    0.00    4.04    0.00    0.00    0.00    0.00    0.00    0.00   95.96
09:52:45 AM   13    0.00    0.00    0.00    0.00    0.00    0.00    0.00    0.00    0.00  100.00
09:52:45 AM   14    0.00    0.00    4.08    0.00    0.00    0.00    0.00    0.00    0.00   95.92
09:52:45 AM   15    0.00    0.00    4.04    0.00    0.00    0.00    0.00    0.00    0.00   95.96
09:52:45 AM   16    0.00    0.00    0.00    0.00    0.00    0.00    0.00    0.00    0.00  100.00
09:52:45 AM   17    0.00    0.00    0.00    0.00    0.00    0.00    0.00    0.00    0.00  100.00
09:52:45 AM   18    0.00    0.00    4.04    0.00    0.00    0.00    0.00    0.00    0.00   95.96
09:52:45 AM   19    0.00    0.00    4.08    0.00    0.00    0.00    0.00    0.00    0.00   95.92
09:52:45 AM   20    0.00    0.00    4.04    0.00    0.00    0.00    0.00    0.00    0.00   95.96
09:52:45 AM   21    0.00    0.00    0.00    0.00    0.00    0.00    0.00    0.00    0.00  100.00
09:52:45 AM   22    0.00    0.00    0.00    0.00    0.00    0.00    0.00    0.00    0.00  100.00
09:52:45 AM   23    0.00    0.00    4.04    0.00    0.00    0.00    0.00    0.00    0.00   95.96
09:52:45 AM   24    0.00    0.00    0.99    0.00    0.00    0.00    0.00    0.00    0.00   99.01
09:52:45 AM   25    0.00    0.00    5.00    0.00    0.00    0.00    0.00    0.00    0.00   95.00
09:52:45 AM   26    0.00    0.00    4.04    0.00    0.00    0.00    0.00    0.00    0.00   95.96
09:52:45 AM   27    0.00    0.00    4.04    0.00    0.00    0.00    0.00    0.00    0.00   95.96
09:52:45 AM   28    0.00    0.00    4.00    0.00    0.00    0.00    0.00    0.00    0.00   96.00
09:52:45 AM   29    0.00    0.00    4.04    0.00    0.00    0.00    0.00    0.00    0.00   95.96
09:52:45 AM   30    0.00    0.00    4.04    0.00    0.00    0.00    0.00    0.00    0.00   95.96
09:52:45 AM   31    0.00    0.00    4.00    0.00    0.00    0.00    0.00    0.00    0.00   96.00
09:52:45 AM   32    0.00    0.00    0.00    0.00    0.00    0.00    0.00    0.00    0.00  100.00
09:52:45 AM   33    0.00    0.00    4.00    0.00    0.00    0.00    0.00    0.00    0.00   96.00
09:52:45 AM   34    0.00    0.00    4.04    0.00    0.00    0.00    0.00    0.00    0.00   95.96
09:52:45 AM   35    0.00    0.00    0.00    0.00    0.00    0.00    0.00    0.00    0.00  100.00
09:52:45 AM   36    0.00    0.00    4.00    0.00    0.00    0.00    0.00    0.00    0.00   96.00
09:52:45 AM   37    0.00    0.00    5.00    0.00    0.00    0.00    0.00    0.00    0.00   95.00
09:52:45 AM   38    0.00    0.00    4.04    0.00    0.00    0.00    0.00    0.00    0.00   95.96
09:52:45 AM   39    0.00    0.00    4.00    0.00    0.00    0.00    0.00    0.00    0.00   96.00

09:52:45 AM  CPU    %usr   %nice    %sys %iowait    %irq   %soft  %steal  %guest  %gnice   %idle
09:52:46 AM  all    0.05    0.00    2.72    0.00    0.00    0.00    0.00    0.00    0.00   97.23
09:52:46 AM    0    0.00    0.00    4.08    0.00    0.00    0.00    0.00    0.00    0.00   95.92
09:52:46 AM    1    0.00    0.00    4.08    0.00    0.00    0.00    0.00    0.00    0.00   95.92
09:52:46 AM    2    0.00    0.00    4.04    0.00    0.00    0.00    0.00    0.00    0.00   95.96
09:52:46 AM    3    0.00    0.00    0.00    0.00    0.00    0.00    0.00    0.00    0.00  100.00
09:52:46 AM    4    0.00    0.00    4.08    0.00    0.00    0.00    0.00    0.00    0.00   95.92
09:52:46 AM    5    0.00    0.00    0.00    0.00    0.00    0.00    0.00    0.00    0.00  100.00
09:52:46 AM    6    0.00    0.00    0.00    0.00    0.00    0.00    0.00    0.00    0.00  100.00
09:52:46 AM    7    0.00    0.00    4.04    0.00    0.00    0.00    0.00    0.00    0.00   95.96
09:52:46 AM    8    0.00    0.00    4.08    0.00    0.00    0.00    0.00    0.00    0.00   95.92
09:52:46 AM    9    0.00    0.00    0.00    0.00    0.00    0.00    0.00    0.00    0.00  100.00
09:52:46 AM   10    0.00    0.00    1.00    0.00    0.00    0.00    0.00    0.00    0.00   99.00
09:52:46 AM   11    0.00    0.00    0.00    0.00    0.00    0.00    0.00    0.00    0.00  100.00
09:52:46 AM   12    0.00    0.00    4.04    0.00    0.00    0.00    0.00    0.00    0.00   95.96
09:52:46 AM   13    0.00    0.00    0.00    0.00    0.00    0.00    0.00    0.00    0.00  100.00
09:52:46 AM   14    0.00    0.00    3.09    0.00    0.00    0.00    0.00    0.00    0.00   96.91
09:52:46 AM   15    0.00    0.00    4.04    0.00    0.00    0.00    0.00    0.00    0.00   95.96
09:52:46 AM   16    0.00    0.00    0.00    0.00    0.00    0.00    0.00    0.00    0.00  100.00
09:52:46 AM   17    0.00    0.00    0.00    0.00    0.00    0.00    0.00    0.00    0.00  100.00
09:52:46 AM   18    0.00    0.00    4.08    0.00    0.00    0.00    0.00    0.00    0.00   95.92
09:52:46 AM   19    0.00    0.00    5.00    0.00    0.00    0.00    0.00    0.00    0.00   95.00
09:52:46 AM   20    0.00    0.00    4.04    0.00    0.00    0.00    0.00    0.00    0.00   95.96
09:52:46 AM   21    0.00    0.00    0.00    0.00    0.00    0.00    0.00    0.00    0.00  100.00
09:52:46 AM   22    1.00    0.00    0.00    0.00    0.00    0.00    0.00    0.00    0.00   99.00
09:52:46 AM   23    0.00    0.00    4.00    0.00    0.00    0.00    0.00    0.00    0.00   96.00
09:52:46 AM   24    0.00    0.00    0.00    0.00    0.00    0.00    0.00    0.00    0.00  100.00
09:52:46 AM   25    0.00    0.00    4.00    0.00    0.00    0.00    0.00    0.00    0.00   96.00
09:52:46 AM   26    0.00    0.00    4.04    0.00    0.00    0.00    0.00    0.00    0.00   95.96
09:52:46 AM   27    0.00    0.00    4.04    0.00    0.00    0.00    0.00    0.00    0.00   95.96
09:52:46 AM   28    0.00    0.00    4.04    0.00    0.00    0.00    0.00    0.00    0.00   95.96
09:52:46 AM   29    0.00    0.00    4.95    0.00    0.00    0.00    0.00    0.00    0.00   95.05
09:52:46 AM   30    0.00    0.00    4.00    0.00    0.00    0.00    0.00    0.00    0.00   96.00
09:52:46 AM   31    0.00    0.00    4.04    0.00    0.00    0.00    0.00    0.00    0.00   95.96
09:52:46 AM   32    0.00    0.00    0.00    0.00    0.00    0.00    0.00    0.00    0.00  100.00
09:52:46 AM   33    0.00    0.00    4.04    0.00    0.00    0.00    0.00    0.00    0.00   95.96
09:52:46 AM   34    0.00    0.00    4.04    0.00    0.00    0.00    0.00    0.00    0.00   95.96
09:52:46 AM   35    0.00    0.00    0.00    0.00    0.00    0.00    0.00    0.00    0.00  100.00
09:52:46 AM   36    0.00    0.00    4.04    0.00    0.00    0.00    0.00    0.00    0.00   95.96
09:52:46 AM   37    0.00    0.00    4.95    0.00    0.00    0.00    0.00    0.00    0.00   95.05
09:52:46 AM   38    0.00    0.00    4.00    0.00    0.00    0.00    0.00    0.00    0.00   96.00
09:52:46 AM   39    0.00    0.00    5.00    0.00    0.00    0.00    0.00    0.00    0.00   95.00

09:52:46 AM  CPU    %usr   %nice    %sys %iowait    %irq   %soft  %steal  %guest  %gnice   %idle
09:52:47 AM  all    0.38    0.00    2.91    0.00    0.00    0.00    0.00    0.00    0.00   96.71
09:52:47 AM    0    0.00    0.00    4.04    0.00    0.00    0.00    0.00    0.00    0.00   95.96
09:52:47 AM    1    0.00    0.00    5.00    0.00    0.00    0.00    0.00    0.00    0.00   95.00
09:52:47 AM    2    0.00    0.00    3.06    0.00    0.00    0.00    0.00    0.00    0.00   96.94
09:52:47 AM    3    0.00    0.00    0.00    0.00    0.00    0.00    0.00    0.00    0.00  100.00
09:52:47 AM    4    1.01    0.00    4.04    0.00    0.00    0.00    0.00    0.00    0.00   94.95
09:52:47 AM    5    0.00    0.00    0.00    0.00    0.00    0.00    0.00    0.00    0.00  100.00
09:52:47 AM    6    1.01    0.00    0.00    0.00    0.00    0.00    0.00    0.00    0.00   98.99
09:52:47 AM    7    0.99    0.00    4.95    0.00    0.00    0.00    0.00    0.00    0.00   94.06
09:52:47 AM    8    0.00    0.00    4.08    0.00    0.00    0.00    0.00    0.00    0.00   95.92
09:52:47 AM    9    0.00    0.00    0.99    0.00    0.00    0.00    0.00    0.00    0.00   99.01
09:52:47 AM   10    0.00    0.00    0.00    0.00    0.00    0.00    0.00    0.00    0.00  100.00
09:52:47 AM   11    0.99    0.00    0.00    0.00    0.00    0.00    0.00    0.00    0.00   99.01
09:52:47 AM   12    1.00    0.00    4.00    0.00    0.00    0.00    0.00    0.00    0.00   95.00
09:52:47 AM   13    0.98    0.00    1.96    0.00    0.00    0.00    0.00    0.00    0.00   97.06
09:52:47 AM   14    0.00    0.00    5.05    0.00    0.00    0.00    0.00    0.00    0.00   94.95
09:52:47 AM   15    0.00    0.00    4.00    0.00    0.00    0.00    0.00    0.00    0.00   96.00
09:52:47 AM   16    0.00    0.00    0.00    0.00    0.00    0.00    0.00    0.00    0.00  100.00
09:52:47 AM   17    0.00    0.00    0.00    0.00    0.00    0.00    0.00    0.00    0.00  100.00
09:52:47 AM   18    0.00    0.00    5.05    0.00    0.00    0.00    0.00    0.00    0.00   94.95
09:52:47 AM   19    0.00    0.00    5.00    0.00    0.00    0.00    0.00    0.00    0.00   95.00
09:52:47 AM   20    0.00    0.00    4.00    0.00    0.00    0.00    0.00    0.00    0.00   96.00
09:52:47 AM   21    1.00    0.00    0.00    0.00    0.00    0.00    0.00    0.00    0.00   99.00
09:52:47 AM   22    1.01    0.00    0.00    0.00    0.00    0.00    0.00    0.00    0.00   98.99
09:52:47 AM   23    0.00    0.00    4.04    0.00    0.00    0.00    0.00    0.00    0.00   95.96
09:52:47 AM   24    0.00    0.00    0.00    0.00    0.00    0.00    0.00    0.00    0.00  100.00
09:52:47 AM   25    1.00    0.00    4.00    0.00    0.00    0.00    0.00    0.00    0.00   95.00
09:52:47 AM   26    1.00    0.00    4.00    0.00    0.00    0.00    0.00    0.00    0.00   95.00
09:52:47 AM   27    0.00    0.00    4.95    0.00    0.00    0.00    0.00    0.00    0.00   95.05
09:52:47 AM   28    0.00    0.00    4.04    0.00    0.00    0.00    0.00    0.00    0.00   95.96
09:52:47 AM   29    0.00    0.00    4.04    0.00    0.00    0.00    0.00    0.00    0.00   95.96
09:52:47 AM   30    0.99    0.00    3.96    0.00    0.00    0.00    0.00    0.00    0.00   95.05
09:52:47 AM   31    0.99    0.00    4.95    0.00    0.00    0.00    0.00    0.00    0.00   94.06
09:52:47 AM   32    0.00    0.00    0.00    0.00    0.00    0.00    0.00    0.00    0.00  100.00
09:52:47 AM   33    0.99    0.00    4.95    0.00    0.00    0.00    0.00    0.00    0.00   94.06
09:52:47 AM   34    0.00    0.00    5.00    0.00    0.00    0.00    0.00    0.00    0.00   95.00
09:52:47 AM   35    0.00    0.00    0.00    0.00    0.00    0.00    0.00    0.00    0.00  100.00
09:52:47 AM   36    1.00    0.00    4.00    0.00    0.00    0.00    0.00    0.00    0.00   95.00
09:52:47 AM   37    0.00    0.00    4.04    0.00    0.00    0.00    0.00    0.00    0.00   95.96
09:52:47 AM   38    0.00    0.00    4.04    0.00    0.00    0.00    0.00    0.00    0.00   95.96
09:52:47 AM   39    1.00    0.00    4.00    0.00    0.00    0.00    0.00    0.00    0.00   95.00

09:52:47 AM  CPU    %usr   %nice    %sys %iowait    %irq   %soft  %steal  %guest  %gnice   %idle
09:52:48 AM  all    0.18    0.00    2.72    0.00    0.00    0.03    0.00    0.00    0.00   97.08
09:52:48 AM    0    2.00    0.00    4.00    0.00    0.00    1.00    0.00    0.00    0.00   93.00
09:52:48 AM    1    0.00    0.00    4.04    0.00    0.00    0.00    0.00    0.00    0.00   95.96
09:52:48 AM    2    0.00    0.00    4.08    0.00    0.00    0.00    0.00    0.00    0.00   95.92
09:52:48 AM    3    0.00    0.00    0.00    0.00    0.00    0.00    0.00    0.00    0.00  100.00
09:52:48 AM    4    0.00    0.00    4.04    0.00    0.00    0.00    0.00    0.00    0.00   95.96
09:52:48 AM    5    0.00    0.00    0.00    0.00    0.00    0.00    0.00    0.00    0.00  100.00
09:52:48 AM    6    0.00    0.00    1.00    0.00    0.00    0.00    0.00    0.00    0.00   99.00
09:52:48 AM    7    0.00    0.00    4.04    0.00    0.00    0.00    0.00    0.00    0.00   95.96
09:52:48 AM    8    0.00    0.00    4.04    0.00    0.00    0.00    0.00    0.00    0.00   95.96
09:52:48 AM    9    0.00    0.00    0.00    0.00    0.00    0.00    0.00    0.00    0.00  100.00
09:52:48 AM   10    0.00    0.00    0.00    0.00    0.00    0.00    0.00    0.00    0.00  100.00
09:52:48 AM   11    0.00    0.00    1.00    0.00    0.00    0.00    0.00    0.00    0.00   99.00
09:52:48 AM   12    1.02    0.00    4.08    0.00    0.00    0.00    0.00    0.00    0.00   94.90
09:52:48 AM   13    0.00    0.00    0.00    0.00    0.00    0.00    0.00    0.00    0.00  100.00
09:52:48 AM   14    1.00    0.00    4.00    0.00    0.00    0.00    0.00    0.00    0.00   95.00
09:52:48 AM   15    1.00    0.00    5.00    0.00    0.00    0.00    0.00    0.00    0.00   94.00
09:52:48 AM   16    1.01    0.00    0.00    0.00    0.00    0.00    0.00    0.00    0.00   98.99
09:52:48 AM   17    0.00    0.00    0.00    0.00    0.00    0.00    0.00    0.00    0.00  100.00
09:52:48 AM   18    0.00    0.00    4.04    0.00    0.00    0.00    0.00    0.00    0.00   95.96
09:52:48 AM   19    0.00    0.00    4.04    0.00    0.00    0.00    0.00    0.00    0.00   95.96
09:52:48 AM   20    0.00    0.00    4.04    0.00    0.00    0.00    0.00    0.00    0.00   95.96
09:52:48 AM   21    0.00    0.00    0.00    0.00    0.00    0.00    0.00    0.00    0.00  100.00
09:52:48 AM   22    0.00    0.00    0.00    0.00    0.00    0.00    0.00    0.00    0.00  100.00
09:52:48 AM   23    0.00    0.00    4.04    0.00    0.00    0.00    0.00    0.00    0.00   95.96
09:52:48 AM   24    0.00    0.00    0.00    0.00    0.00    0.00    0.00    0.00    0.00  100.00
09:52:48 AM   25    0.00    0.00    4.04    0.00    0.00    0.00    0.00    0.00    0.00   95.96
09:52:48 AM   26    0.00    0.00    4.00    0.00    0.00    0.00    0.00    0.00    0.00   96.00
09:52:48 AM   27    0.00    0.00    5.00    0.00    0.00    0.00    0.00    0.00    0.00   95.00
09:52:48 AM   28    1.00    0.00    4.00    0.00    0.00    0.00    0.00    0.00    0.00   95.00
09:52:48 AM   29    0.99    0.00    3.96    0.00    0.00    0.00    0.00    0.00    0.00   95.05
09:52:48 AM   30    0.00    0.00    3.06    0.00    0.00    0.00    0.00    0.00    0.00   96.94
09:52:48 AM   31    0.00    0.00    4.00    0.00    0.00    0.00    0.00    0.00    0.00   96.00
09:52:48 AM   32    0.00    0.00    0.00    0.00    0.00    0.00    0.00    0.00    0.00  100.00
09:52:48 AM   33    0.00    0.00    4.00    0.00    0.00    0.00    0.00    0.00    0.00   96.00
09:52:48 AM   34    0.00    0.00    4.04    0.00    0.00    0.00    0.00    0.00    0.00   95.96
09:52:48 AM   35    0.00    0.00    0.00    0.00    0.00    0.00    0.00    0.00    0.00  100.00
09:52:48 AM   36    0.00    0.00    4.00    0.00    0.00    0.00    0.00    0.00    0.00   96.00
09:52:48 AM   37    0.00    0.00    5.00    0.00    0.00    0.00    0.00    0.00    0.00   95.00
09:52:48 AM   38    0.00    0.00    4.04    0.00    0.00    0.00    0.00    0.00    0.00   95.96
09:52:48 AM   39    0.00    0.00    4.04    0.00    0.00    0.00    0.00    0.00    0.00   95.96

09:52:48 AM  CPU    %usr   %nice    %sys %iowait    %irq   %soft  %steal  %guest  %gnice   %idle
09:52:49 AM  all    0.15    0.00    2.77    0.00    0.00    0.00    0.00    0.00    0.00   97.07
09:52:49 AM    0    0.00    0.00    5.05    0.00    0.00    0.00    0.00    0.00    0.00   94.95
09:52:49 AM    1    0.00    0.00    4.04    0.00    0.00    0.00    0.00    0.00    0.00   95.96
09:52:49 AM    2    1.00    0.00    4.00    0.00    0.00    0.00    0.00    0.00    0.00   95.00
09:52:49 AM    3    0.00    0.00    0.00    0.00    0.00    0.00    0.00    0.00    0.00  100.00
09:52:49 AM    4    0.00    0.00    5.10    0.00    0.00    0.00    0.00    0.00    0.00   94.90
09:52:49 AM    5    0.00    0.00    0.00    0.00    0.00    0.00    0.00    0.00    0.00  100.00
09:52:49 AM    6    0.00    0.00    0.00    0.00    0.00    0.00    0.00    0.00    0.00  100.00
09:52:49 AM    7    0.00    0.00    5.00    0.00    0.00    0.00    0.00    0.00    0.00   95.00
09:52:49 AM    8    1.01    0.00    4.04    0.00    0.00    0.00    0.00    0.00    0.00   94.95
09:52:49 AM    9    0.00    0.00    0.00    0.00    0.00    0.00    0.00    0.00    0.00  100.00
09:52:49 AM   10    0.00    0.00    0.00    0.00    0.00    0.00    0.00    0.00    0.00  100.00
09:52:49 AM   11    0.00    0.00    0.00    0.00    0.00    0.00    0.00    0.00    0.00  100.00
09:52:49 AM   12    0.00    0.00    4.04    0.00    0.00    0.00    0.00    0.00    0.00   95.96
09:52:49 AM   13    0.00    0.00    0.00    0.00    0.00    0.00    0.00    0.00    0.00  100.00
09:52:49 AM   14    0.00    0.00    5.10    0.00    0.00    0.00    0.00    0.00    0.00   94.90
09:52:49 AM   15    0.00    0.00    4.04    0.00    0.00    0.00    0.00    0.00    0.00   95.96
09:52:49 AM   16    0.00    0.00    0.00    0.00    0.00    0.00    0.00    0.00    0.00  100.00
09:52:49 AM   17    0.00    0.00    0.00    0.00    0.00    0.00    0.00    0.00    0.00  100.00
09:52:49 AM   18    0.00    0.00    4.08    0.00    0.00    0.00    0.00    0.00    0.00   95.92
09:52:49 AM   19    0.00    0.00    4.08    0.00    0.00    0.00    0.00    0.00    0.00   95.92
09:52:49 AM   20    0.00    0.00    4.04    0.00    0.00    0.00    0.00    0.00    0.00   95.96
09:52:49 AM   21    0.00    0.00    0.00    0.00    0.00    0.00    0.00    0.00    0.00  100.00
09:52:49 AM   22    1.00    0.00    0.00    0.00    0.00    0.00    0.00    0.00    0.00   99.00
09:52:49 AM   23    0.00    0.00    5.00    0.00    0.00    0.00    0.00    0.00    0.00   95.00
09:52:49 AM   24    0.00    0.00    0.00    0.00    0.00    0.00    0.00    0.00    0.00  100.00
09:52:49 AM   25    0.00    0.00    4.00    0.00    0.00    0.00    0.00    0.00    0.00   96.00
09:52:49 AM   26    0.00    0.00    4.04    0.00    0.00    0.00    0.00    0.00    0.00   95.96
09:52:49 AM   27    0.00    0.00    4.04    0.00    0.00    0.00    0.00    0.00    0.00   95.96
09:52:49 AM   28    0.00    0.00    4.04    0.00    0.00    0.00    0.00    0.00    0.00   95.96
09:52:49 AM   29    0.00    0.00    4.04    0.00    0.00    0.00    0.00    0.00    0.00   95.96
09:52:49 AM   30    0.00    0.00    4.04    0.00    0.00    0.00    0.00    0.00    0.00   95.96
09:52:49 AM   31    0.00    0.00    4.04    0.00    0.00    0.00    0.00    0.00    0.00   95.96
09:52:49 AM   32    0.00    0.00    0.00    0.00    0.00    0.00    0.00    0.00    0.00  100.00
09:52:49 AM   33    0.00    0.00    4.04    0.00    0.00    0.00    0.00    0.00    0.00   95.96
09:52:49 AM   34    0.00    0.00    4.04    0.00    0.00    0.00    0.00    0.00    0.00   95.96
09:52:49 AM   35    0.00    0.00    0.00    0.00    0.00    0.00    0.00    0.00    0.00  100.00
09:52:49 AM   36    0.00    0.00    4.04    0.00    0.00    0.00    0.00    0.00    0.00   95.96
09:52:49 AM   37    1.00    0.00    5.00    0.00    0.00    0.00    0.00    0.00    0.00   94.00
09:52:49 AM   38    0.00    0.00    4.00    0.00    0.00    0.00    0.00    0.00    0.00   96.00
09:52:49 AM   39    0.00    0.00    4.04    0.00    0.00    0.00    0.00    0.00    0.00   95.96

09:52:49 AM  CPU    %usr   %nice    %sys %iowait    %irq   %soft  %steal  %guest  %gnice   %idle
09:52:50 AM  all    0.08    0.00    2.77    0.00    0.00    0.00    0.00    0.00    0.00   97.16
09:52:50 AM    0    1.02    0.00    4.08    0.00    0.00    0.00    0.00    0.00    0.00   94.90
09:52:50 AM    1    0.00    0.00    5.00    0.00    0.00    0.00    0.00    0.00    0.00   95.00
09:52:50 AM    2    0.00    0.00    4.08    0.00    0.00    0.00    0.00    0.00    0.00   95.92
09:52:50 AM    3    0.00    0.00    0.00    0.00    0.00    0.00    0.00    0.00    0.00  100.00
09:52:50 AM    4    0.00    0.00    4.04    0.00    0.00    0.00    0.00    0.00    0.00   95.96
09:52:50 AM    5    0.00    0.00    0.00    0.00    0.00    0.00    0.00    0.00    0.00  100.00
09:52:50 AM    6    0.00    0.00    1.01    0.00    0.00    0.00    0.00    0.00    0.00   98.99
09:52:50 AM    7    0.00    0.00    4.04    0.00    0.00    0.00    0.00    0.00    0.00   95.96
09:52:50 AM    8    0.00    0.00    5.00    0.00    0.00    0.00    0.00    0.00    0.00   95.00
09:52:50 AM    9    0.00    0.00    0.00    0.00    0.00    0.00    0.00    0.00    0.00  100.00
09:52:50 AM   10    1.00    0.00    0.00    0.00    0.00    0.00    0.00    0.00    0.00   99.00
09:52:50 AM   11    0.00    0.00    0.00    0.00    0.00    0.00    0.00    0.00    0.00  100.00
09:52:50 AM   12    0.00    0.00    4.08    0.00    0.00    0.00    0.00    0.00    0.00   95.92
09:52:50 AM   13    0.00    0.00    0.00    0.00    0.00    0.00    0.00    0.00    0.00  100.00
09:52:50 AM   14    0.00    0.00    4.04    0.00    0.00    0.00    0.00    0.00    0.00   95.96
09:52:50 AM   15    0.00    0.00    4.04    0.00    0.00    0.00    0.00    0.00    0.00   95.96
09:52:50 AM   16    0.00    0.00    0.00    0.00    0.00    0.00    0.00    0.00    0.00  100.00
09:52:50 AM   17    0.00    0.00    0.00    0.00    0.00    0.00    0.00    0.00    0.00  100.00
09:52:50 AM   18    0.00    0.00    4.04    0.00    0.00    0.00    0.00    0.00    0.00   95.96
09:52:50 AM   19    0.00    0.00    4.00    0.00    0.00    0.00    0.00    0.00    0.00   96.00
09:52:50 AM   20    0.00    0.00    4.00    0.00    0.00    0.00    0.00    0.00    0.00   96.00
09:52:50 AM   21    0.00    0.00    0.00    0.00    0.00    0.00    0.00    0.00    0.00  100.00
09:52:50 AM   22    0.00    0.00    1.01    0.00    0.00    0.00    0.00    0.00    0.00   98.99
09:52:50 AM   23    0.00    0.00    4.04    0.00    0.00    0.00    0.00    0.00    0.00   95.96
09:52:50 AM   24    0.00    0.00    0.00    0.00    0.00    0.00    0.00    0.00    0.00  100.00
09:52:50 AM   25    0.00    0.00    5.00    0.00    0.00    0.00    0.00    0.00    0.00   95.00
09:52:50 AM   26    0.00    0.00    4.04    0.00    0.00    0.00    0.00    0.00    0.00   95.96
09:52:50 AM   27    0.00    0.00    4.00    0.00    0.00    0.00    0.00    0.00    0.00   96.00
09:52:50 AM   28    0.00    0.00    4.04    0.00    0.00    0.00    0.00    0.00    0.00   95.96
09:52:50 AM   29    0.00    0.00    5.00    0.00    0.00    0.00    0.00    0.00    0.00   95.00
09:52:50 AM   30    0.00    0.00    4.00    0.00    0.00    0.00    0.00    0.00    0.00   96.00
09:52:50 AM   31    0.00    0.00    4.04    0.00    0.00    0.00    0.00    0.00    0.00   95.96
09:52:50 AM   32    0.00    0.00    0.00    0.00    0.00    0.00    0.00    0.00    0.00  100.00
09:52:50 AM   33    0.00    0.00    4.04    0.00    0.00    0.00    0.00    0.00    0.00   95.96
09:52:50 AM   34    0.00    0.00    4.00    0.00    0.00    0.00    0.00    0.00    0.00   96.00
09:52:50 AM   35    0.00    0.00    1.00    0.00    0.00    0.00    0.00    0.00    0.00   99.00
09:52:50 AM   36    0.00    0.00    4.00    0.00    0.00    0.00    0.00    0.00    0.00   96.00
09:52:50 AM   37    0.00    0.00    4.00    0.00    0.00    0.00    0.00    0.00    0.00   96.00
09:52:50 AM   38    0.00    0.00    4.00    0.00    0.00    0.00    0.00    0.00    0.00   96.00
09:52:50 AM   39    0.00    0.00    4.04    0.00    0.00    0.00    0.00    0.00    0.00   95.96


Average:     CPU    %usr   %nice    %sys %iowait    %irq   %soft  %steal  %guest  %gnice   %idle
Average:     all    1.65    0.00    3.21    0.00    0.00    1.18    0.00    0.00    0.00   93.96
Average:       0    2.33    0.00    4.27    0.00    0.00    0.48    0.00    0.00    0.00   92.91
Average:       1    2.16    0.00    4.03    0.00    0.00    1.77    0.00    0.00    0.00   92.03
Average:       2    1.72    0.00    4.05    0.00    0.00    0.75    0.00    0.00    0.00   93.49
Average:       3    1.71    0.00    2.17    0.00    0.00    3.37    0.00    0.00    0.00   92.75
Average:       4    2.52    0.00    4.11    0.00    0.00    7.07    0.00    0.00    0.00   86.30
Average:       5    0.46    0.00    1.86    0.00    0.00    4.47    0.00    0.00    0.00   93.21
Average:       6    2.02    0.00    2.90    0.00    0.00    0.35    0.00    0.00    0.00   94.72
Average:       7    0.26    0.00    3.57    0.00    0.00    0.65    0.00    0.00    0.00   95.51
Average:       8    1.46    0.00    4.06    0.00    0.00    0.31    0.00    0.00    0.00   94.17
Average:       9    0.17    0.00    0.79    0.00    0.00    0.13    0.00    0.00    0.00   98.91
Average:      10    1.45    0.00    2.25    0.00    0.00    0.26    0.00    0.00    0.00   96.04
Average:      11    0.31    0.00    1.22    0.00    0.00    0.00    0.00    0.00    0.00   98.47
Average:      12    1.62    0.00    3.82    0.00    0.00    1.41    0.00    0.00    0.00   93.15
Average:      13    0.26    0.00    0.79    0.04    0.00    0.04    0.00    0.00    0.00   98.86
Average:      14    2.50    0.00    3.77    0.00    0.00    6.10    0.00    0.00    0.00   87.63
Average:      15    0.31    0.00    2.54    0.00    0.00    0.00    0.00    0.00    0.00   97.16
Average:      16    2.92    0.00    2.92    0.00    0.00    6.93    0.00    0.00    0.00   87.23
Average:      17    9.57    0.00    6.54    0.04    0.00    1.74    0.00    0.00    0.00   82.10
Average:      18    3.30    0.00    4.19    0.00    0.00    7.22    0.00    0.00    0.00   85.29
Average:      19    8.22    0.00    8.80    0.04    0.00    1.56    0.00    0.00    0.00   81.38
Average:      20    0.79    0.00    2.27    0.00    0.00    0.13    0.00    0.00    0.00   96.81
Average:      21    8.58    0.00    6.58    0.04    0.00    1.24    0.00    0.00    0.00   83.56
Average:      22    0.96    0.00    1.53    0.00    0.00    0.13    0.00    0.00    0.00   97.38
Average:      23    2.01    0.00    4.28    0.00    0.00    0.17    0.00    0.00    0.00   93.53
Average:      24    0.53    0.00    1.31    0.00    0.00    0.04    0.00    0.00    0.00   98.12
Average:      25    0.70    0.00    2.53    0.00    0.00    0.09    0.00    0.00    0.00   96.69
Average:      26    0.92    0.00    2.23    0.00    0.00    0.13    0.00    0.00    0.00   96.72
Average:      27    0.35    0.00    3.49    0.00    0.00    0.00    0.00    0.00    0.00   96.16
Average:      28    0.57    0.00    2.89    0.00    0.00    0.09    0.00    0.00    0.00   96.46
Average:      29    0.17    0.00    3.62    0.00    0.00    0.00    0.00    0.00    0.00   96.21
Average:      30    0.48    0.00    3.28    0.00    0.00    0.04    0.00    0.00    0.00   96.19
Average:      31    0.17    0.00    3.58    0.00    0.00    0.00    0.00    0.00    0.00   96.25
Average:      32    0.74    0.00    0.39    0.00    0.00    0.09    0.00    0.00    0.00   98.78
Average:      33    0.22    0.00    3.40    0.00    0.00    0.00    0.00    0.00    0.00   96.38
Average:      34    0.66    0.00    3.11    0.00    0.00    0.17    0.00    0.00    0.00   96.06
Average:      35    0.17    0.00    2.09    0.00    0.00    0.00    0.00    0.00    0.00   97.73
Average:      36    0.57    0.00    3.06    0.00    0.00    0.04    0.00    0.00    0.00   96.32
Average:      37    0.26    0.00    3.66    0.00    0.00    0.00    0.00    0.00    0.00   96.08
Average:      38    0.61    0.00    3.19    0.00    0.00    0.09    0.00    0.00    0.00   96.11
Average:      39    1.49    0.00    3.42    0.00    0.00    0.13    0.00    0.00    0.00   94.96
