Linux 4.4.0-111-generic (ath-1) 	02/22/2018 	_x86_64_	(40 CPU)

07:56:52 AM  CPU    %usr   %nice    %sys %iowait    %irq   %soft  %steal  %guest  %gnice   %idle
07:56:53 AM  all    0.10    0.00    4.51    0.00    0.00    0.00    0.00    0.00    0.00   95.39
07:56:53 AM    0    0.00    0.00    6.06    0.00    0.00    0.00    0.00    0.00    0.00   93.94
07:56:53 AM    1    0.00    0.00    3.00    0.00    0.00    0.00    0.00    0.00    0.00   97.00
07:56:53 AM    2    0.00    0.00    6.06    0.00    0.00    0.00    0.00    0.00    0.00   93.94
07:56:53 AM    3    0.00    0.00    6.00    0.00    0.00    0.00    0.00    0.00    0.00   94.00
07:56:53 AM    4    0.00    0.00    5.00    0.00    0.00    0.00    0.00    0.00    0.00   95.00
07:56:53 AM    5    0.00    0.00    4.08    0.00    0.00    0.00    0.00    0.00    0.00   95.92
07:56:53 AM    6    0.00    0.00    6.06    0.00    0.00    0.00    0.00    0.00    0.00   93.94
07:56:53 AM    7    0.00    0.00    6.00    0.00    0.00    0.00    0.00    0.00    0.00   94.00
07:56:53 AM    8    0.00    0.00    0.00    0.00    0.00    0.99    0.00    0.00    0.00   99.01
07:56:53 AM    9    0.00    0.00    6.00    0.00    0.00    0.00    0.00    0.00    0.00   94.00
07:56:53 AM   10    0.00    0.00    0.00    0.00    0.00    0.00    0.00    0.00    0.00  100.00
07:56:53 AM   11    0.00    0.00    6.00    0.00    0.00    0.00    0.00    0.00    0.00   94.00
07:56:53 AM   12    0.00    0.00    3.03    0.00    0.00    0.00    0.00    0.00    0.00   96.97
07:56:53 AM   13    1.00    0.00    1.00    0.00    0.00    0.00    0.00    0.00    0.00   98.00
07:56:53 AM   14    0.99    0.00    0.99    0.00    0.00    0.00    0.00    0.00    0.00   98.02
07:56:53 AM   15    0.99    0.00    5.94    0.00    0.00    0.00    0.00    0.00    0.00   93.07
07:56:53 AM   16    1.00    0.00    5.00    0.00    0.00    0.00    0.00    0.00    0.00   94.00
07:56:53 AM   17    0.00    0.00    6.06    0.00    0.00    0.00    0.00    0.00    0.00   93.94
07:56:53 AM   18    0.00    0.00    4.04    0.00    0.00    0.00    0.00    0.00    0.00   95.96
07:56:53 AM   19    0.00    0.00    0.00    0.00    0.00    0.00    0.00    0.00    0.00  100.00
07:56:53 AM   20    0.00    0.00    4.00    0.00    0.00    0.00    0.00    0.00    0.00   96.00
07:56:53 AM   21    0.00    0.00    6.00    0.00    0.00    0.00    0.00    0.00    0.00   94.00
07:56:53 AM   22    0.00    0.00    6.00    0.00    0.00    0.00    0.00    0.00    0.00   94.00
07:56:53 AM   23    0.00    0.00    3.96    0.00    0.00    0.00    0.00    0.00    0.00   96.04
07:56:53 AM   24    0.00    0.00    6.06    0.00    0.00    0.00    0.00    0.00    0.00   93.94
07:56:53 AM   25    0.00    0.00    5.05    0.00    0.00    0.00    0.00    0.00    0.00   94.95
07:56:53 AM   26    0.00    0.00    5.00    0.00    0.00    0.00    0.00    0.00    0.00   95.00
07:56:53 AM   27    0.00    0.00    0.00    0.00    0.00    0.00    0.00    0.00    0.00  100.00
07:56:53 AM   28    0.00    0.00    6.00    0.00    0.00    0.00    0.00    0.00    0.00   94.00
07:56:53 AM   29    0.99    0.00    4.95    0.00    0.00    0.00    0.00    0.00    0.00   94.06
07:56:53 AM   30    0.00    0.00    6.00    0.00    0.00    0.00    0.00    0.00    0.00   94.00
07:56:53 AM   31    1.00    0.00    5.00    0.00    0.00    0.00    0.00    0.00    0.00   94.00
07:56:53 AM   32    0.00    0.00    5.05    0.00    0.00    0.00    0.00    0.00    0.00   94.95
07:56:53 AM   33    0.00    0.00    6.00    0.00    0.00    0.00    0.00    0.00    0.00   94.00
07:56:53 AM   34    0.00    0.00    6.00    0.00    0.00    0.00    0.00    0.00    0.00   94.00
07:56:53 AM   35    0.00    0.00    1.00    0.00    0.00    0.00    0.00    0.00    0.00   99.00
07:56:53 AM   36    0.00    0.00    6.00    0.00    0.00    0.00    0.00    0.00    0.00   94.00
07:56:53 AM   37    0.00    0.00    5.05    0.00    0.00    0.00    0.00    0.00    0.00   94.95
07:56:53 AM   38    0.00    0.00    6.00    0.00    0.00    0.00    0.00    0.00    0.00   94.00
07:56:53 AM   39    0.00    0.00    6.00    0.00    0.00    0.00    0.00    0.00    0.00   94.00

07:56:53 AM  CPU    %usr   %nice    %sys %iowait    %irq   %soft  %steal  %guest  %gnice   %idle
07:56:54 AM  all    2.28    0.00    4.60    0.33    0.00    1.57    0.00    0.00    0.00   91.23
07:56:54 AM    0    3.06    0.00    7.14    0.00    0.00    1.02    0.00    0.00    0.00   88.78
07:56:54 AM    1    1.02    0.00    5.10    0.00    0.00    5.10    0.00    0.00    0.00   88.78
07:56:54 AM    2    3.03    0.00    6.06    0.00    0.00    0.00    0.00    0.00    0.00   90.91
07:56:54 AM    3    0.00    0.00    4.04    0.00    0.00    1.01    0.00    0.00    0.00   94.95
07:56:54 AM    4    6.19    0.00    5.15    0.00    0.00   12.37    0.00    0.00    0.00   76.29
07:56:54 AM    5    0.00    0.00    5.05    0.00    0.00    0.00    0.00    0.00    0.00   94.95
07:56:54 AM    6    5.00    0.00    4.00    0.00    0.00    1.00    0.00    0.00    0.00   90.00
07:56:54 AM    7    1.00    0.00    5.00    0.00    0.00    0.00    0.00    0.00    0.00   94.00
07:56:54 AM    8    0.00    0.00    2.08    0.00    0.00    0.00    0.00    0.00    0.00   97.92
07:56:54 AM    9    0.00    0.00    4.04    0.00    0.00    0.00    0.00    0.00    0.00   95.96
07:56:54 AM   10    1.03    0.00    1.03    0.00    0.00    0.00    0.00    0.00    0.00   97.94
07:56:54 AM   11    0.00    0.00    5.05    0.00    0.00    0.00    0.00    0.00    0.00   94.95
07:56:54 AM   12    0.00    0.00    3.09    0.00    0.00    1.03    0.00    0.00    0.00   95.88
07:56:54 AM   13    0.00    0.00    3.03    0.00    0.00    0.00    0.00    0.00    0.00   96.97
07:56:54 AM   14    5.15    0.00    6.19    0.00    0.00    9.28    0.00    0.00    0.00   79.38
07:56:54 AM   15    1.00    0.00    5.00    0.00    0.00    0.00    0.00    0.00    0.00   94.00
07:56:54 AM   16   15.15    0.00   12.12    0.00    0.00   13.13    0.00    0.00    0.00   59.60
07:56:54 AM   17    0.00    0.00    4.04    0.00    0.00    0.00    0.00    0.00    0.00   95.96
07:56:54 AM   18    5.21    0.00    6.25    0.00    0.00   10.42    0.00    0.00    0.00   78.12
07:56:54 AM   19   32.29    0.00   18.75   13.54    0.00    8.33    0.00    0.00    0.00   27.08
07:56:54 AM   20    4.00    0.00    3.00    0.00    0.00    0.00    0.00    0.00    0.00   93.00
07:56:54 AM   21    2.91    0.00    6.80    0.00    0.00    0.97    0.00    0.00    0.00   89.32
07:56:54 AM   22    0.00    0.00    0.00    0.00    0.00    0.00    0.00    0.00    0.00  100.00
07:56:54 AM   23    0.00    0.00    5.00    0.00    0.00    0.00    0.00    0.00    0.00   95.00
07:56:54 AM   24    0.00    0.00    4.00    0.00    0.00    0.00    0.00    0.00    0.00   96.00
07:56:54 AM   25    0.00    0.00    4.95    0.00    0.00    0.99    0.00    0.00    0.00   94.06
07:56:54 AM   26    1.01    0.00    4.04    0.00    0.00    0.00    0.00    0.00    0.00   94.95
07:56:54 AM   27    1.00    0.00    1.00    0.00    0.00    0.00    0.00    0.00    0.00   98.00
07:56:54 AM   28    0.00    0.00    4.08    0.00    0.00    0.00    0.00    0.00    0.00   95.92
07:56:54 AM   29    0.00    0.00    4.04    0.00    0.00    0.00    0.00    0.00    0.00   95.96
07:56:54 AM   30    1.00    0.00    4.00    0.00    0.00    0.00    0.00    0.00    0.00   95.00
07:56:54 AM   31    0.00    0.00    2.00    0.00    0.00    0.00    0.00    0.00    0.00   98.00
07:56:54 AM   32    0.00    0.00    1.00    0.00    0.00    0.00    0.00    0.00    0.00   99.00
07:56:54 AM   33    0.00    0.00    4.04    0.00    0.00    0.00    0.00    0.00    0.00   95.96
07:56:54 AM   34    0.00    0.00    4.04    0.00    0.00    0.00    0.00    0.00    0.00   95.96
07:56:54 AM   35    1.98    0.00    3.96    0.00    0.00    0.00    0.00    0.00    0.00   94.06
07:56:54 AM   36    1.00    0.00    3.00    0.00    0.00    0.00    0.00    0.00    0.00   96.00
07:56:54 AM   37    0.00    0.00    5.00    0.00    0.00    0.00    0.00    0.00    0.00   95.00
07:56:54 AM   38    0.00    0.00    4.08    0.00    0.00    0.00    0.00    0.00    0.00   95.92
07:56:54 AM   39    0.00    0.00    4.04    0.00    0.00    0.00    0.00    0.00    0.00   95.96

07:56:54 AM  CPU    %usr   %nice    %sys %iowait    %irq   %soft  %steal  %guest  %gnice   %idle
07:56:55 AM  all    2.22    0.00    4.12    0.00    0.00    1.92    0.00    0.00    0.00   91.74
07:56:55 AM    0    1.02    0.00    6.12    0.00    0.00    1.02    0.00    0.00    0.00   91.84
07:56:55 AM    1    2.88    0.00    3.85    0.00    0.00   11.54    0.00    0.00    0.00   81.73
07:56:55 AM    2    3.03    0.00    4.04    0.00    0.00    1.01    0.00    0.00    0.00   91.92
07:56:55 AM    3    0.00    0.00    4.08    0.00    0.00    1.02    0.00    0.00    0.00   94.90
07:56:55 AM    4    1.06    0.00    2.13    0.00    0.00   13.83    0.00    0.00    0.00   82.98
07:56:55 AM    5    0.00    0.00    0.00    0.00    0.00    0.00    0.00    0.00    0.00  100.00
07:56:55 AM    6    3.06    0.00   11.22    0.00    0.00    0.00    0.00    0.00    0.00   85.71
07:56:55 AM    7    0.00    0.00    4.04    0.00    0.00    0.00    0.00    0.00    0.00   95.96
07:56:55 AM    8    4.12    0.00    2.06    0.00    0.00    0.00    0.00    0.00    0.00   93.81
07:56:55 AM    9    0.00    0.00    4.04    0.00    0.00    0.00    0.00    0.00    0.00   95.96
07:56:55 AM   10    1.02    0.00    4.08    0.00    0.00    0.00    0.00    0.00    0.00   94.90
07:56:55 AM   11    0.00    0.00    4.04    0.00    0.00    0.00    0.00    0.00    0.00   95.96
07:56:55 AM   12    1.03    0.00    4.12    0.00    0.00    3.09    0.00    0.00    0.00   91.75
07:56:55 AM   13    0.00    0.00    4.08    0.00    0.00    0.00    0.00    0.00    0.00   95.92
07:56:55 AM   14    2.06    0.00    4.12    0.00    0.00   11.34    0.00    0.00    0.00   82.47
07:56:55 AM   15    0.00    0.00    4.08    0.00    0.00    0.00    0.00    0.00    0.00   95.92
07:56:55 AM   16   15.15    0.00   11.11    0.00    0.00   13.13    0.00    0.00    0.00   60.61
07:56:55 AM   17    0.00    0.00    3.06    0.00    0.00    0.00    0.00    0.00    0.00   96.94
07:56:55 AM   18    2.06    0.00    1.03    0.00    0.00   12.37    0.00    0.00    0.00   84.54
07:56:55 AM   19   36.00    0.00   18.00    0.00    0.00    6.00    0.00    0.00    0.00   40.00
07:56:55 AM   20    0.99    0.00    2.97    0.00    0.00    0.99    0.00    0.00    0.00   95.05
07:56:55 AM   21    4.08    0.00    5.10    0.00    0.00    1.02    0.00    0.00    0.00   89.80
07:56:55 AM   22    1.98    0.00    3.96    0.00    0.00    0.00    0.00    0.00    0.00   94.06
07:56:55 AM   23    1.00    0.00    2.00    0.00    0.00    1.00    0.00    0.00    0.00   96.00
07:56:55 AM   24    2.00    0.00    3.00    0.00    0.00    0.00    0.00    0.00    0.00   95.00
07:56:55 AM   25    0.00    0.00    4.04    0.00    0.00    0.00    0.00    0.00    0.00   95.96
07:56:55 AM   26    0.00    0.00    1.03    0.00    0.00    0.00    0.00    0.00    0.00   98.97
07:56:55 AM   27    0.00    0.00    4.04    0.00    0.00    0.00    0.00    0.00    0.00   95.96
07:56:55 AM   28    1.98    0.00    3.96    0.00    0.00    0.00    0.00    0.00    0.00   94.06
07:56:55 AM   29    0.00    0.00    4.00    0.00    0.00    0.00    0.00    0.00    0.00   96.00
07:56:55 AM   30    1.00    0.00    4.00    0.00    0.00    0.00    0.00    0.00    0.00   95.00
07:56:55 AM   31    0.00    0.00    5.00    0.00    0.00    0.00    0.00    0.00    0.00   95.00
07:56:55 AM   32    1.00    0.00    1.00    0.00    0.00    0.00    0.00    0.00    0.00   98.00
07:56:55 AM   33    0.00    0.00    4.00    0.00    0.00    0.00    0.00    0.00    0.00   96.00
07:56:55 AM   34    1.00    0.00    4.00    0.00    0.00    0.00    0.00    0.00    0.00   95.00
07:56:55 AM   35    0.00    0.00    0.00    0.00    0.00    0.00    0.00    0.00    0.00  100.00
07:56:55 AM   36    0.00    0.00    3.00    0.00    0.00    0.00    0.00    0.00    0.00   97.00
07:56:55 AM   37    0.00    0.00    2.02    0.00    0.00    0.00    0.00    0.00    0.00   97.98
07:56:55 AM   38    1.98    0.00    3.96    0.00    0.00    0.00    0.00    0.00    0.00   94.06
07:56:55 AM   39    0.00    0.00    4.00    0.00    0.00    0.00    0.00    0.00    0.00   96.00

07:56:55 AM  CPU    %usr   %nice    %sys %iowait    %irq   %soft  %steal  %guest  %gnice   %idle
07:56:56 AM  all    2.34    0.00    3.83    0.00    0.00    2.11    0.00    0.00    0.00   91.72
07:56:56 AM    0    1.83    0.00    4.59    0.00    0.00   12.84    0.00    0.00    0.00   80.73
07:56:56 AM    1    1.89    0.00    4.72    0.00    0.00   10.38    0.00    0.00    0.00   83.02
07:56:56 AM    2    1.98    0.00    2.97    0.00    0.00    2.97    0.00    0.00    0.00   92.08
07:56:56 AM    3    0.00    0.00    3.09    0.00    0.00    1.03    0.00    0.00    0.00   95.88
07:56:56 AM    4    2.00    0.00    5.00    0.00    0.00   12.00    0.00    0.00    0.00   81.00
07:56:56 AM    5    1.01    0.00    2.02    0.00    0.00    0.00    0.00    0.00    0.00   96.97
07:56:56 AM    6    4.17    0.00    6.25    0.00    0.00    0.00    0.00    0.00    0.00   89.58
07:56:56 AM    7    1.00    0.00    4.00    0.00    0.00    0.00    0.00    0.00    0.00   95.00
07:56:56 AM    8    2.06    0.00    5.15    0.00    0.00    0.00    0.00    0.00    0.00   92.78
07:56:56 AM    9    0.00    0.00    5.00    0.00    0.00    0.00    0.00    0.00    0.00   95.00
07:56:56 AM   10    3.09    0.00    2.06    0.00    0.00    0.00    0.00    0.00    0.00   94.85
07:56:56 AM   11    0.00    0.00    3.03    0.00    0.00    0.00    0.00    0.00    0.00   96.97
07:56:56 AM   12    4.04    0.00    6.06    0.00    0.00    2.02    0.00    0.00    0.00   87.88
07:56:56 AM   13    0.00    0.00    4.00    0.00    0.00    0.00    0.00    0.00    0.00   96.00
07:56:56 AM   14    3.00    0.00    4.00    0.00    0.00    9.00    0.00    0.00    0.00   84.00
07:56:56 AM   15    0.00    0.00    4.04    0.00    0.00    0.00    0.00    0.00    0.00   95.96
07:56:56 AM   16   16.16    0.00    9.09    0.00    0.00   14.14    0.00    0.00    0.00   60.61
07:56:56 AM   17    0.00    0.00    4.04    0.00    0.00    0.00    0.00    0.00    0.00   95.96
07:56:56 AM   18    3.03    0.00    2.02    0.00    0.00   12.12    0.00    0.00    0.00   82.83
07:56:56 AM   19   37.37    0.00   18.18    0.00    0.00    5.05    0.00    0.00    0.00   39.39
07:56:56 AM   20    0.00    0.00    3.03    0.00    0.00    0.00    0.00    0.00    0.00   96.97
07:56:56 AM   21    2.13    0.00    4.26    0.00    0.00    0.00    0.00    0.00    0.00   93.62
07:56:56 AM   22    0.00    0.00    3.09    0.00    0.00    0.00    0.00    0.00    0.00   96.91
07:56:56 AM   23    0.00    0.00    4.04    0.00    0.00    0.00    0.00    0.00    0.00   95.96
07:56:56 AM   24    2.04    0.00    3.06    0.00    0.00    0.00    0.00    0.00    0.00   94.90
07:56:56 AM   25    0.00    0.00    4.00    0.00    0.00    0.00    0.00    0.00    0.00   96.00
07:56:56 AM   26    1.96    0.00    1.96    0.00    0.00    0.98    0.00    0.00    0.00   95.10
07:56:56 AM   27    0.00    0.00    4.00    0.00    0.00    0.00    0.00    0.00    0.00   96.00
07:56:56 AM   28    0.00    0.00    1.02    0.00    0.00    0.00    0.00    0.00    0.00   98.98
07:56:56 AM   29    0.00    0.00    3.03    0.00    0.00    0.00    0.00    0.00    0.00   96.97
07:56:56 AM   30    1.00    0.00    3.00    0.00    0.00    0.00    0.00    0.00    0.00   96.00
07:56:56 AM   31    0.00    0.00    3.00    0.00    0.00    0.00    0.00    0.00    0.00   97.00
07:56:56 AM   32    2.02    0.00    0.00    0.00    0.00    0.00    0.00    0.00    0.00   97.98
07:56:56 AM   33    0.00    0.00    3.03    0.00    0.00    0.00    0.00    0.00    0.00   96.97
07:56:56 AM   34    1.02    0.00    2.04    0.00    0.00    0.00    0.00    0.00    0.00   96.94
07:56:56 AM   35    0.00    0.00    1.00    0.00    0.00    0.00    0.00    0.00    0.00   99.00
07:56:56 AM   36    0.00    0.00    1.02    0.00    0.00    0.00    0.00    0.00    0.00   98.98
07:56:56 AM   37    1.00    0.00    3.00    0.00    0.00    0.00    0.00    0.00    0.00   96.00
07:56:56 AM   38    1.02    0.00    3.06    0.00    0.00    0.00    0.00    0.00    0.00   95.92
07:56:56 AM   39    0.00    0.00    4.00    0.00    0.00    0.00    0.00    0.00    0.00   96.00

07:56:56 AM  CPU    %usr   %nice    %sys %iowait    %irq   %soft  %steal  %guest  %gnice   %idle
07:56:57 AM  all    2.09    0.00    4.11    0.03    0.00    2.02    0.00    0.00    0.00   91.76
07:56:57 AM    0    1.83    0.00    2.75    0.00    0.00   13.76    0.00    0.00    0.00   81.65
07:56:57 AM    1    2.91    0.00    2.91    0.00    0.00    7.77    0.00    0.00    0.00   86.41
07:56:57 AM    2    0.00    0.00    2.00    0.00    0.00    4.00    0.00    0.00    0.00   94.00
07:56:57 AM    3    1.00    0.00    6.00    0.00    0.00    1.00    0.00    0.00    0.00   92.00
07:56:57 AM    4    2.13    0.00    2.13    0.00    0.00    7.45    0.00    0.00    0.00   88.30
07:56:57 AM    5    0.99    0.00    4.95    0.00    0.00    0.00    0.00    0.00    0.00   94.06
07:56:57 AM    6    2.15    0.00    6.45    0.00    0.00    1.08    0.00    0.00    0.00   90.32
07:56:57 AM    7    0.00    0.00    4.08    0.00    0.00    0.00    0.00    0.00    0.00   95.92
07:56:57 AM    8    2.00    0.00    7.00    0.00    0.00    0.00    0.00    0.00    0.00   91.00
07:56:57 AM    9    0.00    0.00    4.04    0.00    0.00    0.00    0.00    0.00    0.00   95.96
07:56:57 AM   10    1.04    0.00    6.25    0.00    0.00    0.00    0.00    0.00    0.00   92.71
07:56:57 AM   11    0.00    0.00    2.02    0.00    0.00    0.00    0.00    0.00    0.00   97.98
07:56:57 AM   12    1.05    0.00    4.21    0.00    0.00    3.16    0.00    0.00    0.00   91.58
07:56:57 AM   13    0.00    0.00    5.05    0.00    0.00    0.00    0.00    0.00    0.00   94.95
07:56:57 AM   14    1.98    0.00    0.99    0.00    0.00   10.89    0.00    0.00    0.00   86.14
07:56:57 AM   15    0.00    0.00    4.04    0.00    0.00    0.00    0.00    0.00    0.00   95.96
07:56:57 AM   16   16.00    0.00   13.00    0.00    0.00   11.00    0.00    0.00    0.00   60.00
07:56:57 AM   17    0.00    0.00    5.00    0.00    0.00    0.00    0.00    0.00    0.00   95.00
07:56:57 AM   18    1.02    0.00    1.02    0.00    0.00   12.24    0.00    0.00    0.00   85.71
07:56:57 AM   19   31.25    0.00   25.00    0.00    0.00    3.12    0.00    0.00    0.00   40.62
07:56:57 AM   20    1.02    0.00    4.08    0.00    0.00    0.00    0.00    0.00    0.00   94.90
07:56:57 AM   21    4.00    0.00    4.00    1.00    0.00    1.00    0.00    0.00    0.00   90.00
07:56:57 AM   22    0.00    0.00    2.06    0.00    0.00    0.00    0.00    0.00    0.00   97.94
07:56:57 AM   23    1.01    0.00    1.01    0.00    0.00    0.00    0.00    0.00    0.00   97.98
07:56:57 AM   24    2.04    0.00    1.02    0.00    0.00    1.02    0.00    0.00    0.00   95.92
07:56:57 AM   25    1.02    0.00    3.06    0.00    0.00    0.00    0.00    0.00    0.00   95.92
07:56:57 AM   26    2.00    0.00    1.00    0.00    0.00    0.00    0.00    0.00    0.00   97.00
07:56:57 AM   27    0.00    0.00    3.03    0.00    0.00    0.00    0.00    0.00    0.00   96.97
07:56:57 AM   28    0.00    0.00    3.09    0.00    0.00    0.00    0.00    0.00    0.00   96.91
07:56:57 AM   29    0.00    0.00    2.97    0.00    0.00    0.00    0.00    0.00    0.00   97.03
07:56:57 AM   30    0.00    0.00    4.04    0.00    0.00    0.00    0.00    0.00    0.00   95.96
07:56:57 AM   31    0.00    0.00    2.02    0.00    0.00    0.00    0.00    0.00    0.00   97.98
07:56:57 AM   32    0.00    0.00    3.00    0.00    0.00    0.00    0.00    0.00    0.00   97.00
07:56:57 AM   33    0.00    0.00    2.02    0.00    0.00    0.00    0.00    0.00    0.00   97.98
07:56:57 AM   34    1.01    0.00    4.04    0.00    0.00    0.00    0.00    0.00    0.00   94.95
07:56:57 AM   35    0.00    0.00    4.00    0.00    0.00    0.00    0.00    0.00    0.00   96.00
07:56:57 AM   36    0.00    0.00    1.01    0.00    0.00    0.00    0.00    0.00    0.00   98.99
07:56:57 AM   37    0.00    0.00    2.02    0.00    0.00    0.00    0.00    0.00    0.00   97.98
07:56:57 AM   38    3.00    0.00    4.00    0.00    0.00    1.00    0.00    0.00    0.00   92.00
07:56:57 AM   39    0.00    0.00    3.00    0.00    0.00    0.00    0.00    0.00    0.00   97.00

07:56:57 AM  CPU    %usr   %nice    %sys %iowait    %irq   %soft  %steal  %guest  %gnice   %idle
07:56:58 AM  all    1.97    0.00    4.57    0.00    0.00    2.25    0.00    0.00    0.00   91.22
07:56:58 AM    0    1.89    0.00    4.72    0.00    0.00   11.32    0.00    0.00    0.00   82.08
07:56:58 AM    1    3.96    0.00    6.93    0.00    0.00    3.96    0.00    0.00    0.00   85.15
07:56:58 AM    2    3.06    0.00    2.04    0.00    0.00    2.04    0.00    0.00    0.00   92.86
07:56:58 AM    3    0.00    0.00    3.00    0.00    0.00    3.00    0.00    0.00    0.00   94.00
07:56:58 AM    4    2.02    0.00    5.05    0.00    0.00   12.12    0.00    0.00    0.00   80.81
07:56:58 AM    5    0.00    0.00    4.04    0.00    0.00    0.00    0.00    0.00    0.00   95.96
07:56:58 AM    6    2.11    0.00    6.32    0.00    0.00    1.05    0.00    0.00    0.00   90.53
07:56:58 AM    7    0.00    0.00    4.04    0.00    0.00    0.00    0.00    0.00    0.00   95.96
07:56:58 AM    8    3.16    0.00    2.11    0.00    0.00    1.05    0.00    0.00    0.00   93.68
07:56:58 AM    9    0.00    0.00    5.00    0.00    0.00    0.00    0.00    0.00    0.00   95.00
07:56:58 AM   10    1.06    0.00    5.32    0.00    0.00    1.06    0.00    0.00    0.00   92.55
07:56:58 AM   11    0.00    0.00    4.04    0.00    0.00    0.00    0.00    0.00    0.00   95.96
07:56:58 AM   12    2.06    0.00    5.15    0.00    0.00    3.09    0.00    0.00    0.00   89.69
07:56:58 AM   13    0.00    0.00    4.95    0.00    0.00    0.99    0.00    0.00    0.00   94.06
07:56:58 AM   14    1.02    0.00    1.02    0.00    0.00    9.18    0.00    0.00    0.00   88.78
07:56:58 AM   15    0.00    0.00    5.00    0.00    0.00    0.00    0.00    0.00    0.00   95.00
07:56:58 AM   16   10.31    0.00   11.34    0.00    0.00   15.46    0.00    0.00    0.00   62.89
07:56:58 AM   17    0.00    0.00    4.04    0.00    0.00    0.00    0.00    0.00    0.00   95.96
07:56:58 AM   18    1.94    0.00    1.94    0.00    0.00   14.56    0.00    0.00    0.00   81.55
07:56:58 AM   19   30.00    0.00   23.00    0.00    0.00    8.00    0.00    0.00    0.00   39.00
07:56:58 AM   20    1.96    0.00    4.90    0.00    0.00    0.98    0.00    0.00    0.00   92.16
07:56:58 AM   21    6.06    0.00    5.05    0.00    0.00    1.01    0.00    0.00    0.00   87.88
07:56:58 AM   22    1.01    0.00    3.03    0.00    0.00    0.00    0.00    0.00    0.00   95.96
07:56:58 AM   23    0.99    0.00    0.99    0.00    0.00    0.00    0.00    0.00    0.00   98.02
07:56:58 AM   24    1.01    0.00    3.03    0.00    0.00    0.00    0.00    0.00    0.00   95.96
07:56:58 AM   25    0.00    0.00    5.00    0.00    0.00    0.00    0.00    0.00    0.00   95.00
07:56:58 AM   26    2.00    0.00    2.00    0.00    0.00    1.00    0.00    0.00    0.00   95.00
07:56:58 AM   27    0.00    0.00    4.04    0.00    0.00    0.00    0.00    0.00    0.00   95.96
07:56:58 AM   28    2.02    0.00    4.04    0.00    0.00    0.00    0.00    0.00    0.00   93.94
07:56:58 AM   29    0.00    0.00    4.04    0.00    0.00    0.00    0.00    0.00    0.00   95.96
07:56:58 AM   30    1.00    0.00    4.00    0.00    0.00    0.00    0.00    0.00    0.00   95.00
07:56:58 AM   31    0.00    0.00    4.04    0.00    0.00    0.00    0.00    0.00    0.00   95.96
07:56:58 AM   32    0.00    0.00    5.00    0.00    0.00    0.00    0.00    0.00    0.00   95.00
07:56:58 AM   33    0.00    0.00    4.00    0.00    0.00    0.00    0.00    0.00    0.00   96.00
07:56:58 AM   34    1.02    0.00    4.08    0.00    0.00    0.00    0.00    0.00    0.00   94.90
07:56:58 AM   35    0.00    0.00    4.04    0.00    0.00    0.00    0.00    0.00    0.00   95.96
07:56:58 AM   36    0.00    0.00    4.04    0.00    0.00    0.00    0.00    0.00    0.00   95.96
07:56:58 AM   37    0.00    0.00    3.96    0.00    0.00    0.00    0.00    0.00    0.00   96.04
07:56:58 AM   38    2.97    0.00    2.97    0.00    0.00    0.00    0.00    0.00    0.00   94.06
07:56:58 AM   39    0.00    0.00    4.00    0.00    0.00    0.00    0.00    0.00    0.00   96.00

07:56:58 AM  CPU    %usr   %nice    %sys %iowait    %irq   %soft  %steal  %guest  %gnice   %idle
07:56:59 AM  all    2.51    0.00    4.14    0.00    0.00    2.11    0.00    0.00    0.00   91.23
07:56:59 AM    0    0.00    0.00    4.72    0.00    0.00   15.09    0.00    0.00    0.00   80.19
07:56:59 AM    1    1.00    0.00    5.00    0.00    0.00    6.00    0.00    0.00    0.00   88.00
07:56:59 AM    2    1.96    0.00    4.90    0.00    0.00    2.94    0.00    0.00    0.00   90.20
07:56:59 AM    3    3.03    0.00    4.04    0.00    0.00    0.00    0.00    0.00    0.00   92.93
07:56:59 AM    4    1.03    0.00    4.12    0.00    0.00   11.34    0.00    0.00    0.00   83.51
07:56:59 AM    5    0.00    0.00    0.00    0.00    0.00    0.00    0.00    0.00    0.00  100.00
07:56:59 AM    6    3.12    0.00    5.21    0.00    0.00    1.04    0.00    0.00    0.00   90.62
07:56:59 AM    7    0.00    0.00    4.00    0.00    0.00    0.00    0.00    0.00    0.00   96.00
07:56:59 AM    8    3.09    0.00    5.15    0.00    0.00    0.00    0.00    0.00    0.00   91.75
07:56:59 AM    9    0.00    0.00    4.04    0.00    0.00    0.00    0.00    0.00    0.00   95.96
07:56:59 AM   10    5.21    0.00    1.04    0.00    0.00    0.00    0.00    0.00    0.00   93.75
07:56:59 AM   11    0.00    0.00    3.03    0.00    0.00    0.00    0.00    0.00    0.00   96.97
07:56:59 AM   12    3.06    0.00    7.14    0.00    0.00    2.04    0.00    0.00    0.00   87.76
07:56:59 AM   13    1.00    0.00    0.00    0.00    0.00    0.00    0.00    0.00    0.00   99.00
07:56:59 AM   14    1.00    0.00    1.00    0.00    0.00   11.00    0.00    0.00    0.00   87.00
07:56:59 AM   15    0.00    0.00    4.04    0.00    0.00    0.00    0.00    0.00    0.00   95.96
07:56:59 AM   16   13.73    0.00    9.80    0.00    0.00   15.69    0.00    0.00    0.00   60.78
07:56:59 AM   17    0.00    0.00    4.04    0.00    0.00    0.00    0.00    0.00    0.00   95.96
07:56:59 AM   18    2.02    0.00    6.06    0.00    0.00   11.11    0.00    0.00    0.00   80.81
07:56:59 AM   19   38.83    0.00   18.45    0.00    0.00    3.88    0.00    0.00    0.00   38.83
07:56:59 AM   20    1.01    0.00    4.04    0.00    0.00    0.00    0.00    0.00    0.00   94.95
07:56:59 AM   21    6.06    0.00    5.05    0.00    0.00    0.00    0.00    0.00    0.00   88.89
07:56:59 AM   22    0.00    0.00    3.06    0.00    0.00    0.00    0.00    0.00    0.00   96.94
07:56:59 AM   23    1.00    0.00    0.00    0.00    0.00    0.00    0.00    0.00    0.00   99.00
07:56:59 AM   24    3.00    0.00    2.00    0.00    0.00    0.00    0.00    0.00    0.00   95.00
07:56:59 AM   25    0.00    0.00    3.06    0.00    0.00    0.00    0.00    0.00    0.00   96.94
07:56:59 AM   26    2.06    0.00    2.06    0.00    0.00    0.00    0.00    0.00    0.00   95.88
07:56:59 AM   27    0.00    0.00    4.00    0.00    0.00    0.00    0.00    0.00    0.00   96.00
07:56:59 AM   28    0.00    0.00    5.10    0.00    0.00    0.00    0.00    0.00    0.00   94.90
07:56:59 AM   29    0.00    0.00    3.03    0.00    0.00    0.00    0.00    0.00    0.00   96.97
07:56:59 AM   30    0.00    0.00    4.95    0.00    0.00    0.99    0.00    0.00    0.00   94.06
07:56:59 AM   31    0.00    0.00    4.00    0.00    0.00    0.00    0.00    0.00    0.00   96.00
07:56:59 AM   32    0.00    0.00    3.03    0.00    0.00    0.00    0.00    0.00    0.00   96.97
07:56:59 AM   33    0.00    0.00    3.03    0.00    0.00    0.00    0.00    0.00    0.00   96.97
07:56:59 AM   34    2.02    0.00    4.04    0.00    0.00    0.00    0.00    0.00    0.00   93.94
07:56:59 AM   35    0.00    0.00    4.00    0.00    0.00    0.00    0.00    0.00    0.00   96.00
07:56:59 AM   36    0.00    0.00    4.00    0.00    0.00    0.00    0.00    0.00    0.00   96.00
07:56:59 AM   37    0.00    0.00    1.00    0.00    0.00    0.00    0.00    0.00    0.00   99.00
07:56:59 AM   38    2.02    0.00    5.05    0.00    0.00    0.00    0.00    0.00    0.00   92.93
07:56:59 AM   39    0.00    0.00    2.02    0.00    0.00    0.00    0.00    0.00    0.00   97.98

07:56:59 AM  CPU    %usr   %nice    %sys %iowait    %irq   %soft  %steal  %guest  %gnice   %idle
07:57:00 AM  all    2.31    0.00    4.14    0.00    0.00    2.28    0.00    0.00    0.00   91.27
07:57:00 AM    0    1.85    0.00    5.56    0.00    0.00   10.19    0.00    0.00    0.00   82.41
07:57:00 AM    1    1.89    0.00    3.77    0.00    0.00   14.15    0.00    0.00    0.00   80.19
07:57:00 AM    2    1.98    0.00    3.96    0.00    0.00    4.95    0.00    0.00    0.00   89.11
07:57:00 AM    3    0.00    0.00    3.06    0.00    0.00    0.00    0.00    0.00    0.00   96.94
07:57:00 AM    4    1.03    0.00    2.06    0.00    0.00   13.40    0.00    0.00    0.00   83.51
07:57:00 AM    5    0.00    0.00    1.00    0.00    0.00    0.00    0.00    0.00    0.00   99.00
07:57:00 AM    6    3.92    0.00    8.82    0.00    0.00    0.00    0.00    0.00    0.00   87.25
07:57:00 AM    7    0.00    0.00    3.06    0.00    0.00    0.00    0.00    0.00    0.00   96.94
07:57:00 AM    8    0.00    0.00    5.21    0.00    0.00    1.04    0.00    0.00    0.00   93.75
07:57:00 AM    9    0.00    0.00    2.02    0.00    0.00    0.00    0.00    0.00    0.00   97.98
07:57:00 AM   10    4.17    0.00    6.25    0.00    0.00    2.08    0.00    0.00    0.00   87.50
07:57:00 AM   11    0.00    0.00    3.00    0.00    0.00    0.00    0.00    0.00    0.00   97.00
07:57:00 AM   12    3.12    0.00    6.25    0.00    0.00    2.08    0.00    0.00    0.00   88.54
07:57:00 AM   13    0.00    0.00    0.00    0.00    0.00    0.00    0.00    0.00    0.00  100.00
07:57:00 AM   14    2.97    0.00    0.99    0.00    0.00    9.90    0.00    0.00    0.00   86.14
07:57:00 AM   15    0.00    0.00    4.04    0.00    0.00    0.00    0.00    0.00    0.00   95.96
07:57:00 AM   16   17.00    0.00   13.00    0.00    0.00    9.00    0.00    0.00    0.00   61.00
07:57:00 AM   17    0.00    0.00    4.08    0.00    0.00    0.00    0.00    0.00    0.00   95.92
07:57:00 AM   18    1.01    0.00    4.04    0.00    0.00   13.13    0.00    0.00    0.00   81.82
07:57:00 AM   19   31.68    0.00   20.79    0.00    0.00    7.92    0.00    0.00    0.00   39.60
07:57:00 AM   20    1.01    0.00    4.04    0.00    0.00    0.00    0.00    0.00    0.00   94.95
07:57:00 AM   21    4.04    0.00    7.07    0.00    0.00    0.00    0.00    0.00    0.00   88.89
07:57:00 AM   22    1.00    0.00    4.00    0.00    0.00    0.00    0.00    0.00    0.00   95.00
07:57:00 AM   23    2.00    0.00    2.00    0.00    0.00    0.00    0.00    0.00    0.00   96.00
07:57:00 AM   24    0.00    0.00    2.04    0.00    0.00    0.00    0.00    0.00    0.00   97.96
07:57:00 AM   25    0.00    0.00    4.04    0.00    0.00    0.00    0.00    0.00    0.00   95.96
07:57:00 AM   26    2.97    0.00    3.96    0.00    0.00    0.99    0.00    0.00    0.00   92.08
07:57:00 AM   27    0.00    0.00    4.00    0.00    0.00    0.00    0.00    0.00    0.00   96.00
07:57:00 AM   28    0.00    0.00    4.04    0.00    0.00    1.01    0.00    0.00    0.00   94.95
07:57:00 AM   29    1.00    0.00    4.00    0.00    0.00    0.00    0.00    0.00    0.00   95.00
07:57:00 AM   30    2.02    0.00    1.01    0.00    0.00    0.00    0.00    0.00    0.00   96.97
07:57:00 AM   31    0.00    0.00    3.00    0.00    0.00    0.00    0.00    0.00    0.00   97.00
07:57:00 AM   32    1.02    0.00    3.06    0.00    0.00    0.00    0.00    0.00    0.00   95.92
07:57:00 AM   33    0.00    0.00    4.00    0.00    0.00    0.00    0.00    0.00    0.00   96.00
07:57:00 AM   34    0.99    0.00    3.96    0.00    0.00    0.00    0.00    0.00    0.00   95.05
07:57:00 AM   35    0.00    0.00    3.03    0.00    0.00    0.00    0.00    0.00    0.00   96.97
07:57:00 AM   36    1.00    0.00    3.00    0.00    0.00    0.00    0.00    0.00    0.00   96.00
07:57:00 AM   37    0.00    0.00    2.02    0.00    0.00    0.00    0.00    0.00    0.00   97.98
07:57:00 AM   38    2.97    0.00    1.98    0.00    0.00    0.00    0.00    0.00    0.00   95.05
07:57:00 AM   39    0.00    0.00    3.03    0.00    0.00    0.00    0.00    0.00    0.00   96.97

07:57:00 AM  CPU    %usr   %nice    %sys %iowait    %irq   %soft  %steal  %guest  %gnice   %idle
07:57:01 AM  all    2.34    0.00    3.95    0.00    0.00    2.21    0.00    0.00    0.00   91.49
07:57:01 AM    0    1.96    0.00    1.96    0.00    0.00    8.82    0.00    0.00    0.00   87.25
07:57:01 AM    1    3.74    0.00    4.67    0.00    0.00   10.28    0.00    0.00    0.00   81.31
07:57:01 AM    2    2.04    0.00    4.08    0.00    0.00    2.04    0.00    0.00    0.00   91.84
07:57:01 AM    3    0.97    0.00    3.88    0.00    0.00    5.83    0.00    0.00    0.00   89.32
07:57:01 AM    4    2.00    0.00    5.00    0.00    0.00   14.00    0.00    0.00    0.00   79.00
07:57:01 AM    5    0.00    0.00    0.00    0.00    0.00    2.00    0.00    0.00    0.00   98.00
07:57:01 AM    6    2.11    0.00    6.32    0.00    0.00    0.00    0.00    0.00    0.00   91.58
07:57:01 AM    7    1.01    0.00    3.03    0.00    0.00    0.00    0.00    0.00    0.00   95.96
07:57:01 AM    8    4.17    0.00    2.08    0.00    0.00    2.08    0.00    0.00    0.00   91.67
07:57:01 AM    9    0.00    0.00    4.04    0.00    0.00    0.00    0.00    0.00    0.00   95.96
07:57:01 AM   10    6.00    0.00    3.00    0.00    0.00    1.00    0.00    0.00    0.00   90.00
07:57:01 AM   11    0.00    0.00    3.03    0.00    0.00    0.00    0.00    0.00    0.00   96.97
07:57:01 AM   12    3.96    0.00    4.95    0.00    0.00    1.98    0.00    0.00    0.00   89.11
07:57:01 AM   13    0.00    0.00    1.00    0.00    0.00    0.00    0.00    0.00    0.00   99.00
07:57:01 AM   14    1.05    0.00    2.11    0.00    0.00    8.42    0.00    0.00    0.00   88.42
07:57:01 AM   15    1.00    0.00    4.00    0.00    0.00    0.00    0.00    0.00    0.00   95.00
07:57:01 AM   16   15.53    0.00   11.65    0.00    0.00   12.62    0.00    0.00    0.00   60.19
07:57:01 AM   17    0.00    0.00    3.03    0.00    0.00    0.00    0.00    0.00    0.00   96.97
07:57:01 AM   18    2.00    0.00    5.00    0.00    0.00   12.00    0.00    0.00    0.00   81.00
07:57:01 AM   19   34.38    0.00   18.75    0.00    0.00    6.25    0.00    0.00    0.00   40.62
07:57:01 AM   20    1.98    0.00    3.96    0.00    0.00    0.00    0.00    0.00    0.00   94.06
07:57:01 AM   21    3.09    0.00    5.15    0.00    0.00    0.00    0.00    0.00    0.00   91.75
07:57:01 AM   22    2.00    0.00    3.00    0.00    0.00    1.00    0.00    0.00    0.00   94.00
07:57:01 AM   23    0.00    0.00    1.01    0.00    0.00    0.00    0.00    0.00    0.00   98.99
07:57:01 AM   24    2.02    0.00    3.03    0.00    0.00    0.00    0.00    0.00    0.00   94.95
07:57:01 AM   25    0.99    0.00    3.96    0.00    0.00    0.00    0.00    0.00    0.00   95.05
07:57:01 AM   26    1.01    0.00    4.04    0.00    0.00    0.00    0.00    0.00    0.00   94.95
07:57:01 AM   27    0.00    0.00    4.00    0.00    0.00    0.00    0.00    0.00    0.00   96.00
07:57:01 AM   28    0.00    0.00    4.08    0.00    0.00    0.00    0.00    0.00    0.00   95.92
07:57:01 AM   29    0.00    0.00    4.00    0.00    0.00    0.00    0.00    0.00    0.00   96.00
07:57:01 AM   30    0.00    0.00    2.04    0.00    0.00    0.00    0.00    0.00    0.00   97.96
07:57:01 AM   31    0.00    0.00    3.03    0.00    0.00    0.00    0.00    0.00    0.00   96.97
07:57:01 AM   32    1.00    0.00    5.00    0.00    0.00    0.00    0.00    0.00    0.00   94.00
07:57:01 AM   33    0.00    0.00    4.00    0.00    0.00    0.00    0.00    0.00    0.00   96.00
07:57:01 AM   34    2.04    0.00    2.04    0.00    0.00    0.00    0.00    0.00    0.00   95.92
07:57:01 AM   35    0.00    0.00    1.00    0.00    0.00    0.00    0.00    0.00    0.00   99.00
07:57:01 AM   36    0.00    0.00    3.03    0.00    0.00    0.00    0.00    0.00    0.00   96.97
07:57:01 AM   37    0.00    0.00    4.00    0.00    0.00    0.00    0.00    0.00    0.00   96.00
07:57:01 AM   38    1.01    0.00    2.02    0.00    0.00    0.00    0.00    0.00    0.00   96.97
07:57:01 AM   39    0.00    0.00    3.96    0.00    0.00    0.00    0.00    0.00    0.00   96.04

07:57:01 AM  CPU    %usr   %nice    %sys %iowait    %irq   %soft  %steal  %guest  %gnice   %idle
07:57:02 AM  all    2.07    0.00    3.91    0.00    0.00    2.07    0.00    0.00    0.00   91.95
07:57:02 AM    0    1.96    0.00    2.94    0.00    0.00    4.90    0.00    0.00    0.00   90.20
07:57:02 AM    1    1.94    0.00    3.88    0.00    0.00    7.77    0.00    0.00    0.00   86.41
07:57:02 AM    2    1.98    0.00    3.96    0.00    0.00    4.95    0.00    0.00    0.00   89.11
07:57:02 AM    3    0.99    0.00    2.97    0.00    0.00    3.96    0.00    0.00    0.00   92.08
07:57:02 AM    4    4.04    0.00    3.03    0.00    0.00   11.11    0.00    0.00    0.00   81.82
07:57:02 AM    5    0.00    0.00    3.06    0.00    0.00    0.00    0.00    0.00    0.00   96.94
07:57:02 AM    6    2.04    0.00    7.14    0.00    0.00    2.04    0.00    0.00    0.00   88.78
07:57:02 AM    7    0.00    0.00    5.05    0.00    0.00    0.00    0.00    0.00    0.00   94.95
07:57:02 AM    8    3.12    0.00    3.12    0.00    0.00    0.00    0.00    0.00    0.00   93.75
07:57:02 AM    9    0.00    0.00    4.04    0.00    0.00    0.00    0.00    0.00    0.00   95.96
07:57:02 AM   10    2.06    0.00    3.09    0.00    0.00    1.03    0.00    0.00    0.00   93.81
07:57:02 AM   11    0.00    0.00    3.00    0.00    0.00    0.00    0.00    0.00    0.00   97.00
07:57:02 AM   12    3.06    0.00    3.06    0.00    0.00    2.04    0.00    0.00    0.00   91.84
07:57:02 AM   13    0.00    0.00    0.00    0.00    0.00    0.00    0.00    0.00    0.00  100.00
07:57:02 AM   14    0.00    0.00    2.04    0.00    0.00   11.22    0.00    0.00    0.00   86.73
07:57:02 AM   15    0.00    0.00    4.00    0.00    0.00    0.00    0.00    0.00    0.00   96.00
07:57:02 AM   16   13.13    0.00    9.09    0.00    0.00   16.16    0.00    0.00    0.00   61.62
07:57:02 AM   17    0.00    0.00    2.06    0.00    0.00    0.00    0.00    0.00    0.00   97.94
07:57:02 AM   18    1.04    0.00    3.12    0.00    0.00   11.46    0.00    0.00    0.00   84.38
07:57:02 AM   19   32.67    0.00   23.76    0.00    0.00    4.95    0.00    0.00    0.00   38.61
07:57:02 AM   20    2.04    0.00    3.06    0.00    0.00    1.02    0.00    0.00    0.00   93.88
07:57:02 AM   21    1.04    0.00    6.25    0.00    0.00    1.04    0.00    0.00    0.00   91.67
07:57:02 AM   22    2.00    0.00    4.00    0.00    0.00    0.00    0.00    0.00    0.00   94.00
07:57:02 AM   23    0.00    0.00    0.00    0.00    0.00    0.00    0.00    0.00    0.00  100.00
07:57:02 AM   24    0.00    0.00    3.06    0.00    0.00    0.00    0.00    0.00    0.00   96.94
07:57:02 AM   25    0.00    0.00    4.04    0.00    0.00    0.00    0.00    0.00    0.00   95.96
07:57:02 AM   26    2.00    0.00    3.00    0.00    0.00    0.00    0.00    0.00    0.00   95.00
07:57:02 AM   27    0.00    0.00    4.00    0.00    0.00    0.00    0.00    0.00    0.00   96.00
07:57:02 AM   28    0.00    0.00    2.02    0.00    0.00    0.00    0.00    0.00    0.00   97.98
07:57:02 AM   29    0.00    0.00    3.00    0.00    0.00    0.00    0.00    0.00    0.00   97.00
07:57:02 AM   30    1.00    0.00    3.00    0.00    0.00    0.00    0.00    0.00    0.00   96.00
07:57:02 AM   31    0.99    0.00    3.96    0.00    0.00    0.00    0.00    0.00    0.00   95.05
07:57:02 AM   32    1.98    0.00    4.95    0.00    0.00    0.00    0.00    0.00    0.00   93.07
07:57:02 AM   33    0.00    0.00    4.04    0.00    0.00    0.00    0.00    0.00    0.00   95.96
07:57:02 AM   34    1.01    0.00    3.03    0.00    0.00    0.00    0.00    0.00    0.00   95.96
07:57:02 AM   35    0.00    0.00    3.03    0.00    0.00    0.00    0.00    0.00    0.00   96.97
07:57:02 AM   36    0.00    0.00    2.04    0.00    0.00    0.00    0.00    0.00    0.00   97.96
07:57:02 AM   37    0.00    0.00    1.02    0.00    0.00    0.00    0.00    0.00    0.00   98.98
07:57:02 AM   38    1.02    0.00    2.04    0.00    0.00    0.00    0.00    0.00    0.00   96.94
07:57:02 AM   39    0.00    0.00    3.00    0.00    0.00    0.00    0.00    0.00    0.00   97.00

07:57:02 AM  CPU    %usr   %nice    %sys %iowait    %irq   %soft  %steal  %guest  %gnice   %idle
07:57:03 AM  all    2.27    0.00    4.19    0.03    0.00    1.66    0.00    0.00    0.00   91.85
07:57:03 AM    0    2.00    0.00    4.00    1.00    0.00    3.00    0.00    0.00    0.00   90.00
07:57:03 AM    1    1.89    0.00    5.66    0.00    0.00   10.38    0.00    0.00    0.00   82.08
07:57:03 AM    2    2.04    0.00    5.10    0.00    0.00    1.02    0.00    0.00    0.00   91.84
07:57:03 AM    3    0.97    0.00    3.88    0.00    0.00    3.88    0.00    0.00    0.00   91.26
07:57:03 AM    4    3.06    0.00    1.02    0.00    0.00   12.24    0.00    0.00    0.00   83.67
07:57:03 AM    5    0.00    0.00    2.02    0.00    0.00    0.00    0.00    0.00    0.00   97.98
07:57:03 AM    6    3.16    0.00    7.37    0.00    0.00    0.00    0.00    0.00    0.00   89.47
07:57:03 AM    7    0.00    0.00    5.00    0.00    0.00    0.00    0.00    0.00    0.00   95.00
07:57:03 AM    8    5.10    0.00    4.08    0.00    0.00    1.02    0.00    0.00    0.00   89.80
07:57:03 AM    9    0.00    0.00    3.06    0.00    0.00    0.00    0.00    0.00    0.00   96.94
07:57:03 AM   10    3.09    0.00    2.06    0.00    0.00    0.00    0.00    0.00    0.00   94.85
07:57:03 AM   11    0.00    0.00    3.09    0.00    0.00    0.00    0.00    0.00    0.00   96.91
07:57:03 AM   12    1.04    0.00    4.17    0.00    0.00    1.04    0.00    0.00    0.00   93.75
07:57:03 AM   13    0.00    0.00    1.00    0.00    0.00    0.00    0.00    0.00    0.00   99.00
07:57:03 AM   14    3.06    0.00    2.04    0.00    0.00    8.16    0.00    0.00    0.00   86.73
07:57:03 AM   15    0.00    0.00    3.06    0.00    0.00    0.00    0.00    0.00    0.00   96.94
07:57:03 AM   16   14.58    0.00   11.46    0.00    0.00    9.38    0.00    0.00    0.00   64.58
07:57:03 AM   17    1.98    0.00    2.97    0.00    0.00    0.00    0.00    0.00    0.00   95.05
07:57:03 AM   18    3.09    0.00    5.15    0.00    0.00    8.25    0.00    0.00    0.00   83.51
07:57:03 AM   19   28.87    0.00   25.77    0.00    0.00    7.22    0.00    0.00    0.00   38.14
07:57:03 AM   20    2.00    0.00    4.00    0.00    0.00    0.00    0.00    0.00    0.00   94.00
07:57:03 AM   21    4.00    0.00    6.00    0.00    0.00    0.00    0.00    0.00    0.00   90.00
07:57:03 AM   22    3.00    0.00    3.00    0.00    0.00    0.00    0.00    0.00    0.00   94.00
07:57:03 AM   23    0.00    0.00    3.00    0.00    0.00    0.00    0.00    0.00    0.00   97.00
07:57:03 AM   24    2.04    0.00    3.06    0.00    0.00    0.00    0.00    0.00    0.00   94.90
07:57:03 AM   25    1.00    0.00    3.00    0.00    0.00    0.00    0.00    0.00    0.00   96.00
07:57:03 AM   26    0.00    0.00    3.03    0.00    0.00    0.00    0.00    0.00    0.00   96.97
07:57:03 AM   27    0.00    0.00    3.03    0.00    0.00    0.00    0.00    0.00    0.00   96.97
07:57:03 AM   28    1.00    0.00    3.00    0.00    0.00    0.00    0.00    0.00    0.00   96.00
07:57:03 AM   29    0.00    0.00    3.03    0.00    0.00    0.00    0.00    0.00    0.00   96.97
07:57:03 AM   30    0.00    0.00    2.02    0.00    0.00    1.01    0.00    0.00    0.00   96.97
07:57:03 AM   31    0.00    0.00    3.03    0.00    0.00    0.00    0.00    0.00    0.00   96.97
07:57:03 AM   32    2.04    0.00    4.08    0.00    0.00    0.00    0.00    0.00    0.00   93.88
07:57:03 AM   33    0.00    0.00    3.00    0.00    0.00    0.00    0.00    0.00    0.00   97.00
07:57:03 AM   34    2.02    0.00    1.01    0.00    0.00    0.00    0.00    0.00    0.00   96.97
07:57:03 AM   35    0.00    0.00    3.03    0.00    0.00    0.00    0.00    0.00    0.00   96.97
07:57:03 AM   36    1.00    0.00    2.00    0.00    0.00    0.00    0.00    0.00    0.00   97.00
07:57:03 AM   37    0.00    0.00    4.00    0.00    0.00    0.00    0.00    0.00    0.00   96.00
07:57:03 AM   38    1.00    0.00    3.00    0.00    0.00    0.00    0.00    0.00    0.00   96.00
07:57:03 AM   39    0.00    0.00    2.02    0.00    0.00    0.00    0.00    0.00    0.00   97.98

07:57:03 AM  CPU    %usr   %nice    %sys %iowait    %irq   %soft  %steal  %guest  %gnice   %idle
07:57:04 AM  all    2.27    0.00    3.99    0.00    0.00    2.02    0.00    0.00    0.00   91.71
07:57:04 AM    0    1.98    0.00    4.95    0.00    0.00    3.96    0.00    0.00    0.00   89.11
07:57:04 AM    1    3.88    0.00    0.97    0.00    0.00    6.80    0.00    0.00    0.00   88.35
07:57:04 AM    2    2.00    0.00    7.00    0.00    0.00    3.00    0.00    0.00    0.00   88.00
07:57:04 AM    3    1.00    0.00    3.00    0.00    0.00    4.00    0.00    0.00    0.00   92.00
07:57:04 AM    4    2.06    0.00    5.15    0.00    0.00   11.34    0.00    0.00    0.00   81.44
07:57:04 AM    5    0.99    0.00    0.00    0.00    0.00    0.99    0.00    0.00    0.00   98.02
07:57:04 AM    6    3.12    0.00    5.21    0.00    0.00    1.04    0.00    0.00    0.00   90.62
07:57:04 AM    7    0.00    0.00    4.04    0.00    0.00    0.00    0.00    0.00    0.00   95.96
07:57:04 AM    8    2.08    0.00    5.21    0.00    0.00    0.00    0.00    0.00    0.00   92.71
07:57:04 AM    9    0.00    0.00    3.06    0.00    0.00    0.00    0.00    0.00    0.00   96.94
07:57:04 AM   10    1.01    0.00    5.05    0.00    0.00    1.01    0.00    0.00    0.00   92.93
07:57:04 AM   11    0.00    0.00    1.01    0.00    0.00    0.00    0.00    0.00    0.00   98.99
07:57:04 AM   12    2.04    0.00    3.06    0.00    0.00    3.06    0.00    0.00    0.00   91.84
07:57:04 AM   13    0.00    0.00    2.04    0.00    0.00    0.00    0.00    0.00    0.00   97.96
07:57:04 AM   14    2.08    0.00    2.08    0.00    0.00    9.38    0.00    0.00    0.00   86.46
07:57:04 AM   15    0.99    0.00    3.96    0.00    0.00    0.00    0.00    0.00    0.00   95.05
07:57:04 AM   16   14.00    0.00    9.00    0.00    0.00   15.00    0.00    0.00    0.00   62.00
07:57:04 AM   17    0.00    0.00    1.98    0.00    0.00    0.99    0.00    0.00    0.00   97.03
07:57:04 AM   18    1.03    0.00    5.15    0.00    0.00   11.34    0.00    0.00    0.00   82.47
07:57:04 AM   19   34.65    0.00   22.77    0.00    0.00    4.95    0.00    0.00    0.00   37.62
07:57:04 AM   20    2.06    0.00    3.09    0.00    0.00    0.00    0.00    0.00    0.00   94.85
07:57:04 AM   21    2.11    0.00    4.21    0.00    0.00    1.05    0.00    0.00    0.00   92.63
07:57:04 AM   22    1.02    0.00    4.08    0.00    0.00    0.00    0.00    0.00    0.00   94.90
07:57:04 AM   23    1.00    0.00    2.00    0.00    0.00    0.00    0.00    0.00    0.00   97.00
07:57:04 AM   24    1.96    0.00    2.94    0.00    0.00    0.00    0.00    0.00    0.00   95.10
07:57:04 AM   25    0.00    0.00    4.00    0.00    0.00    0.00    0.00    0.00    0.00   96.00
07:57:04 AM   26    0.00    0.00    5.05    0.00    0.00    0.00    0.00    0.00    0.00   94.95
07:57:04 AM   27    0.00    0.00    4.00    0.00    0.00    0.00    0.00    0.00    0.00   96.00
07:57:04 AM   28    1.00    0.00    4.00    0.00    0.00    0.00    0.00    0.00    0.00   95.00
07:57:04 AM   29    1.01    0.00    1.01    0.00    0.00    0.00    0.00    0.00    0.00   97.98
07:57:04 AM   30    1.02    0.00    3.06    0.00    0.00    0.00    0.00    0.00    0.00   95.92
07:57:04 AM   31    0.00    0.00    4.00    0.00    0.00    0.00    0.00    0.00    0.00   96.00
07:57:04 AM   32    3.00    0.00    4.00    0.00    0.00    1.00    0.00    0.00    0.00   92.00
07:57:04 AM   33    0.00    0.00    4.04    0.00    0.00    0.00    0.00    0.00    0.00   95.96
07:57:04 AM   34    1.04    0.00    1.04    0.00    0.00    0.00    0.00    0.00    0.00   97.92
07:57:04 AM   35    0.00    0.00    4.00    0.00    0.00    0.00    0.00    0.00    0.00   96.00
07:57:04 AM   36    1.00    0.00    3.00    0.00    0.00    0.00    0.00    0.00    0.00   96.00
07:57:04 AM   37    0.00    0.00    4.00    0.00    0.00    0.00    0.00    0.00    0.00   96.00
07:57:04 AM   38    0.00    0.00    3.03    0.00    0.00    0.00    0.00    0.00    0.00   96.97
07:57:04 AM   39    0.00    0.00    3.06    0.00    0.00    0.00    0.00    0.00    0.00   96.94

07:57:04 AM  CPU    %usr   %nice    %sys %iowait    %irq   %soft  %steal  %guest  %gnice   %idle
07:57:05 AM  all    2.50    0.00    3.86    0.00    0.00    2.12    0.00    0.00    0.00   91.52
07:57:05 AM    0    5.00    0.00    3.00    0.00    0.00    0.00    0.00    0.00    0.00   92.00
07:57:05 AM    1    2.88    0.00    3.85    0.00    0.00    9.62    0.00    0.00    0.00   83.65
07:57:05 AM    2    4.17    0.00    2.08    0.00    0.00    0.00    0.00    0.00    0.00   93.75
07:57:05 AM    3    0.00    0.00    3.92    0.00    0.00    8.82    0.00    0.00    0.00   87.25
07:57:05 AM    4    2.06    0.00    4.12    0.00    0.00   11.34    0.00    0.00    0.00   82.47
07:57:05 AM    5    0.00    0.00    0.00    0.00    0.00    1.02    0.00    0.00    0.00   98.98
07:57:05 AM    6    5.15    0.00    4.12    0.00    0.00    0.00    0.00    0.00    0.00   90.72
07:57:05 AM    7    0.00    0.00    3.03    0.00    0.00    0.00    0.00    0.00    0.00   96.97
07:57:05 AM    8    4.00    0.00    4.00    0.00    0.00    1.00    0.00    0.00    0.00   91.00
07:57:05 AM    9    0.99    0.00    3.96    0.00    0.00    0.00    0.00    0.00    0.00   95.05
07:57:05 AM   10    3.16    0.00    0.00    0.00    0.00    1.05    0.00    0.00    0.00   95.79
07:57:05 AM   11    0.00    0.00    3.06    0.00    0.00    0.00    0.00    0.00    0.00   96.94
07:57:05 AM   12    2.13    0.00    2.13    0.00    0.00    2.13    0.00    0.00    0.00   93.62
07:57:05 AM   13    0.00    0.00    4.00    0.00    0.00    0.00    0.00    0.00    0.00   96.00
07:57:05 AM   14    3.00    0.00    1.00    0.00    0.00   11.00    0.00    0.00    0.00   85.00
07:57:05 AM   15    0.00    0.00    3.06    0.00    0.00    0.00    0.00    0.00    0.00   96.94
07:57:05 AM   16   14.00    0.00   10.00    0.00    0.00   14.00    0.00    0.00    0.00   62.00
07:57:05 AM   17    0.00    0.00    3.03    0.00    0.00    0.00    0.00    0.00    0.00   96.97
07:57:05 AM   18    3.03    0.00    2.02    0.00    0.00   12.12    0.00    0.00    0.00   82.83
07:57:05 AM   19   36.19    0.00   19.05    0.00    0.00    9.52    0.00    0.00    0.00   35.24
07:57:05 AM   20    2.02    0.00    5.05    0.00    0.00    0.00    0.00    0.00    0.00   92.93
07:57:05 AM   21    2.06    0.00    6.19    0.00    0.00    0.00    0.00    0.00    0.00   91.75
07:57:05 AM   22    2.02    0.00    4.04    0.00    0.00    0.00    0.00    0.00    0.00   93.94
07:57:05 AM   23    1.01    0.00    3.03    0.00    0.00    0.00    0.00    0.00    0.00   95.96
07:57:05 AM   24    1.01    0.00    4.04    0.00    0.00    0.00    0.00    0.00    0.00   94.95
07:57:05 AM   25    0.00    0.00    4.00    0.00    0.00    0.00    0.00    0.00    0.00   96.00
07:57:05 AM   26    1.01    0.00    3.03    0.00    0.00    0.00    0.00    0.00    0.00   95.96
07:57:05 AM   27    0.00    0.00    4.04    0.00    0.00    0.00    0.00    0.00    0.00   95.96
07:57:05 AM   28    2.00    0.00    4.00    0.00    0.00    0.00    0.00    0.00    0.00   94.00
07:57:05 AM   29    0.00    0.00    0.00    0.00    0.00    0.00    0.00    0.00    0.00  100.00
07:57:05 AM   30    1.98    0.00    3.96    0.00    0.00    0.99    0.00    0.00    0.00   93.07
07:57:05 AM   31    0.00    0.00    4.04    0.00    0.00    0.00    0.00    0.00    0.00   95.96
07:57:05 AM   32    0.00    0.00    4.04    0.00    0.00    0.00    0.00    0.00    0.00   95.96
07:57:05 AM   33    0.00    0.00    4.04    0.00    0.00    0.00    0.00    0.00    0.00   95.96
07:57:05 AM   34    1.98    0.00    2.97    0.00    0.00    0.00    0.00    0.00    0.00   95.05
07:57:05 AM   35    0.00    0.00    4.00    0.00    0.00    0.00    0.00    0.00    0.00   96.00
07:57:05 AM   36    0.00    0.00    3.03    0.00    0.00    0.00    0.00    0.00    0.00   96.97
07:57:05 AM   37    0.00    0.00    4.00    0.00    0.00    0.00    0.00    0.00    0.00   96.00
07:57:05 AM   38    1.03    0.00    2.06    0.00    0.00    0.00    0.00    0.00    0.00   96.91
07:57:05 AM   39    0.99    0.00    2.97    0.00    0.00    0.00    0.00    0.00    0.00   96.04

07:57:05 AM  CPU    %usr   %nice    %sys %iowait    %irq   %soft  %steal  %guest  %gnice   %idle
07:57:06 AM  all    2.12    0.00    3.84    0.00    0.00    2.12    0.00    0.00    0.00   91.92
07:57:06 AM    0    2.04    0.00    6.12    0.00    0.00    0.00    0.00    0.00    0.00   91.84
07:57:06 AM    1    2.70    0.00    4.50    0.00    0.00   14.41    0.00    0.00    0.00   78.38
07:57:06 AM    2    3.03    0.00    4.04    0.00    0.00    2.02    0.00    0.00    0.00   90.91
07:57:06 AM    3    0.98    0.00    1.96    0.00    0.00    4.90    0.00    0.00    0.00   92.16
07:57:06 AM    4    1.01    0.00    3.03    0.00    0.00   14.14    0.00    0.00    0.00   81.82
07:57:06 AM    5    0.00    0.00    4.12    0.00    0.00    0.00    0.00    0.00    0.00   95.88
07:57:06 AM    6    3.12    0.00    4.17    0.00    0.00    1.04    0.00    0.00    0.00   91.67
07:57:06 AM    7    1.01    0.00    4.04    0.00    0.00    0.00    0.00    0.00    0.00   94.95
07:57:06 AM    8    2.08    0.00    3.12    0.00    0.00    1.04    0.00    0.00    0.00   93.75
07:57:06 AM    9    0.00    0.00    3.03    0.00    0.00    0.00    0.00    0.00    0.00   96.97
07:57:06 AM   10    2.06    0.00    3.09    0.00    0.00    0.00    0.00    0.00    0.00   94.85
07:57:06 AM   11    1.00    0.00    3.00    0.00    0.00    0.00    0.00    0.00    0.00   96.00
07:57:06 AM   12    2.11    0.00    3.16    0.00    0.00    1.05    0.00    0.00    0.00   93.68
07:57:06 AM   13    1.01    0.00    0.00    0.00    0.00    1.01    0.00    0.00    0.00   97.98
07:57:06 AM   14    2.04    0.00    3.06    0.00    0.00    9.18    0.00    0.00    0.00   85.71
07:57:06 AM   15    0.00    0.00    2.04    0.00    0.00    0.00    0.00    0.00    0.00   97.96
07:57:06 AM   16   15.00    0.00    9.00    0.00    0.00   15.00    0.00    0.00    0.00   61.00
07:57:06 AM   17    0.00    0.00    3.06    0.00    0.00    0.00    0.00    0.00    0.00   96.94
07:57:06 AM   18    2.06    0.00    2.06    0.00    0.00   13.40    0.00    0.00    0.00   82.47
07:57:06 AM   19   32.98    0.00   21.28    0.00    0.00    5.32    0.00    0.00    0.00   40.43
07:57:06 AM   20    1.03    0.00    3.09    0.00    0.00    0.00    0.00    0.00    0.00   95.88
07:57:06 AM   21    3.03    0.00    2.02    0.00    0.00    1.01    0.00    0.00    0.00   93.94
07:57:06 AM   22    0.99    0.00    4.95    0.00    0.00    0.00    0.00    0.00    0.00   94.06
07:57:06 AM   23    0.00    0.00    3.03    0.00    0.00    0.00    0.00    0.00    0.00   96.97
07:57:06 AM   24    1.00    0.00    5.00    0.00    0.00    0.00    0.00    0.00    0.00   94.00
07:57:06 AM   25    0.00    0.00    4.00    0.00    0.00    0.00    0.00    0.00    0.00   96.00
07:57:06 AM   26    1.02    0.00    3.06    0.00    0.00    0.00    0.00    0.00    0.00   95.92
07:57:06 AM   27    0.00    0.00    4.00    0.00    0.00    0.00    0.00    0.00    0.00   96.00
07:57:06 AM   28    0.00    0.00    3.06    0.00    0.00    1.02    0.00    0.00    0.00   95.92
07:57:06 AM   29    0.00    0.00    4.00    0.00    0.00    0.00    0.00    0.00    0.00   96.00
07:57:06 AM   30    2.02    0.00    4.04    0.00    0.00    0.00    0.00    0.00    0.00   93.94
07:57:06 AM   31    0.00    0.00    4.00    0.00    0.00    0.00    0.00    0.00    0.00   96.00
07:57:06 AM   32    0.00    0.00    3.03    0.00    0.00    0.00    0.00    0.00    0.00   96.97
07:57:06 AM   33    0.00    0.00    4.00    0.00    0.00    0.00    0.00    0.00    0.00   96.00
07:57:06 AM   34    0.00    0.00    2.04    0.00    0.00    0.00    0.00    0.00    0.00   97.96
07:57:06 AM   35    0.00    0.00    3.03    0.00    0.00    0.00    0.00    0.00    0.00   96.97
07:57:06 AM   36    0.00    0.00    1.01    0.00    0.00    1.01    0.00    0.00    0.00   97.98
07:57:06 AM   37    0.00    0.00    3.03    0.00    0.00    0.00    0.00    0.00    0.00   96.97
07:57:06 AM   38    0.00    0.00    4.04    0.00    0.00    0.00    0.00    0.00    0.00   95.96
07:57:06 AM   39    0.00    0.00    2.02    0.00    0.00    0.00    0.00    0.00    0.00   97.98

07:57:06 AM  CPU    %usr   %nice    %sys %iowait    %irq   %soft  %steal  %guest  %gnice   %idle
07:57:07 AM  all    0.88    0.00    4.03    0.00    0.00    0.78    0.00    0.00    0.00   94.31
07:57:07 AM    0    0.00    0.00    6.06    0.00    0.00    1.01    0.00    0.00    0.00   92.93
07:57:07 AM    1    0.95    0.00    5.71    0.00    0.00    6.67    0.00    0.00    0.00   86.67
07:57:07 AM    2    0.99    0.00    3.96    0.00    0.00    2.97    0.00    0.00    0.00   92.08
07:57:07 AM    3    0.00    0.00    4.08    0.00    0.00    1.02    0.00    0.00    0.00   94.90
07:57:07 AM    4    1.01    0.00    1.01    0.00    0.00    4.04    0.00    0.00    0.00   93.94
07:57:07 AM    5    1.01    0.00    4.04    0.00    0.00    0.00    0.00    0.00    0.00   94.95
07:57:07 AM    6    2.02    0.00    6.06    0.00    0.00    0.00    0.00    0.00    0.00   91.92
07:57:07 AM    7    0.00    0.00    0.00    0.00    0.00    0.00    0.00    0.00    0.00  100.00
07:57:07 AM    8    0.00    0.00    5.15    0.00    0.00    0.00    0.00    0.00    0.00   94.85
07:57:07 AM    9    0.00    0.00    3.03    0.00    0.00    0.00    0.00    0.00    0.00   96.97
07:57:07 AM   10    2.00    0.00    2.00    0.00    0.00    0.00    0.00    0.00    0.00   96.00
07:57:07 AM   11    0.00    0.00    4.04    0.00    0.00    0.00    0.00    0.00    0.00   95.96
07:57:07 AM   12    0.00    0.00    5.10    0.00    0.00    0.00    0.00    0.00    0.00   94.90
07:57:07 AM   13    0.00    0.00    0.00    0.00    0.00    0.00    0.00    0.00    0.00  100.00
07:57:07 AM   14    1.00    0.00    1.00    0.00    0.00    4.00    0.00    0.00    0.00   94.00
07:57:07 AM   15    0.00    0.00    4.04    0.00    0.00    0.00    0.00    0.00    0.00   95.96
07:57:07 AM   16    6.12    0.00    9.18    0.00    0.00    3.06    0.00    0.00    0.00   81.63
07:57:07 AM   17    0.00    0.00    1.00    0.00    0.00    0.00    0.00    0.00    0.00   99.00
07:57:07 AM   18    1.00    0.00    4.00    0.00    0.00    5.00    0.00    0.00    0.00   90.00
07:57:07 AM   19   12.37    0.00    6.19    0.00    0.00    2.06    0.00    0.00    0.00   79.38
07:57:07 AM   20    0.00    0.00    5.00    0.00    0.00    0.00    0.00    0.00    0.00   95.00
07:57:07 AM   21    1.01    0.00    1.01    0.00    0.00    0.00    0.00    0.00    0.00   97.98
07:57:07 AM   22    1.00    0.00    4.00    0.00    0.00    0.00    0.00    0.00    0.00   95.00
07:57:07 AM   23    0.00    0.00    3.00    0.00    0.00    0.00    0.00    0.00    0.00   97.00
07:57:07 AM   24    1.01    0.00    5.05    0.00    0.00    0.00    0.00    0.00    0.00   93.94
07:57:07 AM   25    0.00    0.00    4.04    0.00    0.00    0.00    0.00    0.00    0.00   95.96
07:57:07 AM   26    0.99    0.00    4.95    0.00    0.00    0.99    0.00    0.00    0.00   93.07
07:57:07 AM   27    0.00    0.00    5.05    0.00    0.00    0.00    0.00    0.00    0.00   94.95
07:57:07 AM   28    0.00    0.00    5.05    0.00    0.00    0.00    0.00    0.00    0.00   94.95
07:57:07 AM   29    0.00    0.00    5.05    0.00    0.00    0.00    0.00    0.00    0.00   94.95
07:57:07 AM   30    0.00    0.00    4.00    0.00    0.00    0.00    0.00    0.00    0.00   96.00
07:57:07 AM   31    0.00    0.00    5.05    0.00    0.00    0.00    0.00    0.00    0.00   94.95
07:57:07 AM   32    1.00    0.00    4.00    0.00    0.00    0.00    0.00    0.00    0.00   95.00
07:57:07 AM   33    0.00    0.00    5.94    0.00    0.00    0.00    0.00    0.00    0.00   94.06
07:57:07 AM   34    1.98    0.00    4.95    0.00    0.00    0.99    0.00    0.00    0.00   92.08
07:57:07 AM   35    0.00    0.00    5.00    0.00    0.00    0.00    0.00    0.00    0.00   95.00
07:57:07 AM   36    0.00    0.00    0.00    0.00    0.00    0.00    0.00    0.00    0.00  100.00
07:57:07 AM   37    0.00    0.00    5.05    0.00    0.00    0.00    0.00    0.00    0.00   94.95
07:57:07 AM   38    0.00    0.00    4.04    0.00    0.00    0.00    0.00    0.00    0.00   95.96
07:57:07 AM   39    0.00    0.00    5.00    0.00    0.00    0.00    0.00    0.00    0.00   95.00

07:57:07 AM  CPU    %usr   %nice    %sys %iowait    %irq   %soft  %steal  %guest  %gnice   %idle
07:57:08 AM  all    0.08    0.00    3.98    0.00    0.00    0.00    0.00    0.00    0.00   95.94
07:57:08 AM    0    0.00    0.00    4.08    0.00    0.00    0.00    0.00    0.00    0.00   95.92
07:57:08 AM    1    0.00    0.00    5.05    0.00    0.00    0.00    0.00    0.00    0.00   94.95
07:57:08 AM    2    0.00    0.00    4.08    0.00    0.00    0.00    0.00    0.00    0.00   95.92
07:57:08 AM    3    0.00    0.00    5.05    0.00    0.00    0.00    0.00    0.00    0.00   94.95
07:57:08 AM    4    0.00    0.00    4.08    0.00    0.00    0.00    0.00    0.00    0.00   95.92
07:57:08 AM    5    0.99    0.00    0.00    0.00    0.00    0.00    0.00    0.00    0.00   99.01
07:57:08 AM    6    0.00    0.00    5.05    0.00    0.00    0.00    0.00    0.00    0.00   94.95
07:57:08 AM    7    0.00    0.00    6.00    0.00    0.00    0.00    0.00    0.00    0.00   94.00
07:57:08 AM    8    0.00    0.00    5.15    0.00    0.00    0.00    0.00    0.00    0.00   94.85
07:57:08 AM    9    0.00    0.00    5.05    0.00    0.00    0.00    0.00    0.00    0.00   94.95
07:57:08 AM   10    0.00    0.00    4.08    0.00    0.00    0.00    0.00    0.00    0.00   95.92
07:57:08 AM   11    0.00    0.00    6.00    0.00    0.00    0.00    0.00    0.00    0.00   94.00
07:57:08 AM   12    0.00    0.00    4.08    0.00    0.00    0.00    0.00    0.00    0.00   95.92
07:57:08 AM   13    0.00    0.00    0.00    0.00    0.00    0.00    0.00    0.00    0.00  100.00
07:57:08 AM   14    0.00    0.00    3.00    0.00    0.00    0.00    0.00    0.00    0.00   97.00
07:57:08 AM   15    0.00    0.00    4.04    0.00    0.00    0.00    0.00    0.00    0.00   95.96
07:57:08 AM   16    0.00    0.00    4.08    0.00    0.00    0.00    0.00    0.00    0.00   95.92
07:57:08 AM   17    0.00    0.00    0.00    0.00    0.00    0.00    0.00    0.00    0.00  100.00
07:57:08 AM   18    0.00    0.00    6.12    0.00    0.00    0.00    0.00    0.00    0.00   93.88
07:57:08 AM   19    0.00    0.00    0.00    0.00    0.00    0.00    0.00    0.00    0.00  100.00
07:57:08 AM   20    0.00    0.00    5.05    0.00    0.00    0.00    0.00    0.00    0.00   94.95
07:57:08 AM   21    0.00    0.00    0.00    0.00    0.00    0.00    0.00    0.00    0.00  100.00
07:57:08 AM   22    0.00    0.00    5.05    0.00    0.00    0.00    0.00    0.00    0.00   94.95
07:57:08 AM   23    0.00    0.00    6.00    0.00    0.00    0.00    0.00    0.00    0.00   94.00
07:57:08 AM   24    0.00    0.00    4.08    0.00    0.00    0.00    0.00    0.00    0.00   95.92
07:57:08 AM   25    0.00    0.00    6.00    0.00    0.00    0.00    0.00    0.00    0.00   94.00
07:57:08 AM   26    0.00    0.00    5.05    0.00    0.00    0.00    0.00    0.00    0.00   94.95
07:57:08 AM   27    0.00    0.00    5.00    0.00    0.00    0.00    0.00    0.00    0.00   95.00
07:57:08 AM   28    0.00    0.00    4.04    0.00    0.00    0.00    0.00    0.00    0.00   95.96
07:57:08 AM   29    0.00    0.00    5.00    0.00    0.00    0.00    0.00    0.00    0.00   95.00
07:57:08 AM   30    0.00    0.00    5.00    0.00    0.00    0.00    0.00    0.00    0.00   95.00
07:57:08 AM   31    0.00    0.00    0.00    0.00    0.00    0.00    0.00    0.00    0.00  100.00
07:57:08 AM   32    0.00    0.00    5.00    0.00    0.00    0.00    0.00    0.00    0.00   95.00
07:57:08 AM   33    0.00    0.00    5.00    0.00    0.00    0.00    0.00    0.00    0.00   95.00
07:57:08 AM   34    0.00    0.00    5.05    0.00    0.00    0.00    0.00    0.00    0.00   94.95
07:57:08 AM   35    0.00    0.00    6.00    0.00    0.00    0.00    0.00    0.00    0.00   94.00
07:57:08 AM   36    0.00    0.00    0.00    0.00    0.00    0.00    0.00    0.00    0.00  100.00
07:57:08 AM   37    0.00    0.00    5.94    0.00    0.00    0.00    0.00    0.00    0.00   94.06
07:57:08 AM   38    0.00    0.00    5.05    0.00    0.00    0.00    0.00    0.00    0.00   94.95
07:57:08 AM   39    0.00    0.00    5.94    0.00    0.00    0.00    0.00    0.00    0.00   94.06

07:57:08 AM  CPU    %usr   %nice    %sys %iowait    %irq   %soft  %steal  %guest  %gnice   %idle
07:57:09 AM  all    0.00    0.00    4.29    0.00    0.00    0.00    0.00    0.00    0.00   95.71
07:57:09 AM    0    0.00    0.00    6.06    0.00    0.00    0.00    0.00    0.00    0.00   93.94
07:57:09 AM    1    0.00    0.00    5.10    0.00    0.00    0.00    0.00    0.00    0.00   94.90
07:57:09 AM    2    0.00    0.00    5.10    0.00    0.00    0.00    0.00    0.00    0.00   94.90
07:57:09 AM    3    0.00    0.00    4.00    0.00    0.00    0.00    0.00    0.00    0.00   96.00
07:57:09 AM    4    0.00    0.00    1.02    0.00    0.00    0.00    0.00    0.00    0.00   98.98
07:57:09 AM    5    0.00    0.00    4.04    0.00    0.00    0.00    0.00    0.00    0.00   95.96
07:57:09 AM    6    0.00    0.00    0.00    0.00    0.00    0.00    0.00    0.00    0.00  100.00
07:57:09 AM    7    0.00    0.00    3.03    0.00    0.00    0.00    0.00    0.00    0.00   96.97
07:57:09 AM    8    0.00    0.00    5.05    0.00    0.00    0.00    0.00    0.00    0.00   94.95
07:57:09 AM    9    0.00    0.00    5.05    0.00    0.00    0.00    0.00    0.00    0.00   94.95
07:57:09 AM   10    0.00    0.00    2.00    0.00    0.00    0.00    0.00    0.00    0.00   98.00
07:57:09 AM   11    0.00    0.00    6.00    0.00    0.00    0.00    0.00    0.00    0.00   94.00
07:57:09 AM   12    0.00    0.00    0.00    0.00    0.00    1.00    0.00    0.00    0.00   99.00
07:57:09 AM   13    0.00    0.00    4.04    0.00    0.00    0.00    0.00    0.00    0.00   95.96
07:57:09 AM   14    0.00    0.00    4.12    0.00    0.00    0.00    0.00    0.00    0.00   95.88
07:57:09 AM   15    0.00    0.00    5.05    0.00    0.00    0.00    0.00    0.00    0.00   94.95
07:57:09 AM   16    0.00    0.00    5.10    0.00    0.00    0.00    0.00    0.00    0.00   94.90
07:57:09 AM   17    0.00    0.00    5.00    0.00    0.00    0.00    0.00    0.00    0.00   95.00
07:57:09 AM   18    0.00    0.00    5.10    0.00    0.00    0.00    0.00    0.00    0.00   94.90
07:57:09 AM   19    0.00    0.00    0.00    0.00    0.00    0.00    0.00    0.00    0.00  100.00
07:57:09 AM   20    0.00    0.00    6.06    0.00    0.00    0.00    0.00    0.00    0.00   93.94
07:57:09 AM   21    0.00    0.00    0.00    0.00    0.00    0.00    0.00    0.00    0.00  100.00
07:57:09 AM   22    0.00    0.00    4.04    0.00    0.00    0.00    0.00    0.00    0.00   95.96
07:57:09 AM   23    0.00    0.00    6.00    0.00    0.00    0.00    0.00    0.00    0.00   94.00
07:57:09 AM   24    0.00    0.00    6.00    0.00    0.00    0.00    0.00    0.00    0.00   94.00
07:57:09 AM   25    0.00    0.00    5.05    0.00    0.00    0.00    0.00    0.00    0.00   94.95
07:57:09 AM   26    0.00    0.00    5.05    0.00    0.00    0.00    0.00    0.00    0.00   94.95
07:57:09 AM   27    0.00    0.00    6.00    0.00    0.00    0.00    0.00    0.00    0.00   94.00
07:57:09 AM   28    0.00    0.00    5.10    0.00    0.00    0.00    0.00    0.00    0.00   94.90
07:57:09 AM   29    0.00    0.00    6.00    0.00    0.00    0.00    0.00    0.00    0.00   94.00
07:57:09 AM   30    0.00    0.00    5.05    0.00    0.00    0.00    0.00    0.00    0.00   94.95
07:57:09 AM   31    0.00    0.00    0.00    0.00    0.00    0.00    0.00    0.00    0.00  100.00
07:57:09 AM   32    0.00    0.00    5.00    0.00    0.00    0.00    0.00    0.00    0.00   95.00
07:57:09 AM   33    0.00    0.00    6.00    0.00    0.00    0.00    0.00    0.00    0.00   94.00
07:57:09 AM   34    0.00    0.00    6.06    0.00    0.00    0.00    0.00    0.00    0.00   93.94
07:57:09 AM   35    0.00    0.00    4.04    0.00    0.00    0.00    0.00    0.00    0.00   95.96
07:57:09 AM   36    0.00    0.00    0.00    0.00    0.00    0.00    0.00    0.00    0.00  100.00
07:57:09 AM   37    0.00    0.00    6.00    0.00    0.00    0.00    0.00    0.00    0.00   94.00
07:57:09 AM   38    0.00    0.00    6.00    0.00    0.00    0.00    0.00    0.00    0.00   94.00
07:57:09 AM   39    0.00    0.00    6.00    0.00    0.00    0.00    0.00    0.00    0.00   94.00

07:57:09 AM  CPU    %usr   %nice    %sys %iowait    %irq   %soft  %steal  %guest  %gnice   %idle
07:57:10 AM  all    0.08    0.00    4.16    0.00    0.00    0.03    0.00    0.00    0.00   95.74
07:57:10 AM    0    0.00    0.00    5.10    0.00    0.00    0.00    0.00    0.00    0.00   94.90
07:57:10 AM    1    0.00    0.00    6.00    0.00    0.00    0.00    0.00    0.00    0.00   94.00
07:57:10 AM    2    1.00    0.00    5.00    0.00    0.00    0.00    0.00    0.00    0.00   94.00
07:57:10 AM    3    0.00    0.00    5.05    0.00    0.00    0.00    0.00    0.00    0.00   94.95
07:57:10 AM    4    0.00    0.00    5.15    0.00    0.00    0.00    0.00    0.00    0.00   94.85
07:57:10 AM    5    1.00    0.00    5.00    0.00    0.00    0.00    0.00    0.00    0.00   94.00
07:57:10 AM    6    0.00    0.00    0.00    0.00    0.00    0.00    0.00    0.00    0.00  100.00
07:57:10 AM    7    0.00    0.00    5.00    0.00    0.00    0.00    0.00    0.00    0.00   95.00
07:57:10 AM    8    0.00    0.00    6.00    0.00    0.00    0.00    0.00    0.00    0.00   94.00
07:57:10 AM    9    0.00    0.00    5.05    0.00    0.00    0.00    0.00    0.00    0.00   94.95
07:57:10 AM   10    0.00    0.00    0.00    0.00    0.00    1.01    0.00    0.00    0.00   98.99
07:57:10 AM   11    0.00    0.00    5.05    0.00    0.00    0.00    0.00    0.00    0.00   94.95
07:57:10 AM   12    0.00    0.00    5.10    0.00    0.00    0.00    0.00    0.00    0.00   94.90
07:57:10 AM   13    0.00    0.00    5.00    0.00    0.00    0.00    0.00    0.00    0.00   95.00
07:57:10 AM   14    0.00    0.00    4.04    0.00    0.00    0.00    0.00    0.00    0.00   95.96
07:57:10 AM   15    0.00    0.00    6.00    0.00    0.00    0.00    0.00    0.00    0.00   94.00
07:57:10 AM   16    0.00    0.00    5.10    0.00    0.00    0.00    0.00    0.00    0.00   94.90
07:57:10 AM   17    0.00    0.00    0.00    0.00    0.00    0.00    0.00    0.00    0.00  100.00
07:57:10 AM   18    0.00    0.00    5.05    0.00    0.00    0.00    0.00    0.00    0.00   94.95
07:57:10 AM   19    0.00    0.00    4.08    0.00    0.00    0.00    0.00    0.00    0.00   95.92
07:57:10 AM   20    0.00    0.00    5.00    0.00    0.00    0.00    0.00    0.00    0.00   95.00
07:57:10 AM   21    0.00    0.00    0.00    0.00    0.00    0.00    0.00    0.00    0.00  100.00
07:57:10 AM   22    0.00    0.00    5.05    0.00    0.00    0.00    0.00    0.00    0.00   94.95
07:57:10 AM   23    0.00    0.00    5.05    0.00    0.00    0.00    0.00    0.00    0.00   94.95
07:57:10 AM   24    0.00    0.00    5.05    0.00    0.00    0.00    0.00    0.00    0.00   94.95
07:57:10 AM   25    0.00    0.00    5.00    0.00    0.00    0.00    0.00    0.00    0.00   95.00
07:57:10 AM   26    0.00    0.00    6.06    0.00    0.00    0.00    0.00    0.00    0.00   93.94
07:57:10 AM   27    0.00    0.00    5.00    0.00    0.00    0.00    0.00    0.00    0.00   95.00
07:57:10 AM   28    0.00    0.00    5.00    0.00    0.00    0.00    0.00    0.00    0.00   95.00
07:57:10 AM   29    0.00    0.00    5.05    0.00    0.00    0.00    0.00    0.00    0.00   94.95
07:57:10 AM   30    0.00    0.00    5.05    0.00    0.00    0.00    0.00    0.00    0.00   94.95
07:57:10 AM   31    0.00    0.00    0.00    0.00    0.00    0.00    0.00    0.00    0.00  100.00
07:57:10 AM   32    0.00    0.00    5.05    0.00    0.00    0.00    0.00    0.00    0.00   94.95
07:57:10 AM   33    0.00    0.00    5.05    0.00    0.00    0.00    0.00    0.00    0.00   94.95
07:57:10 AM   34    0.00    0.00    5.00    0.00    0.00    0.00    0.00    0.00    0.00   95.00
07:57:10 AM   35    0.00    0.00    0.00    0.00    0.00    0.00    0.00    0.00    0.00  100.00
07:57:10 AM   36    0.00    0.00    0.00    0.00    0.00    0.00    0.00    0.00    0.00  100.00
07:57:10 AM   37    0.00    0.00    5.00    0.00    0.00    0.00    0.00    0.00    0.00   95.00
07:57:10 AM   38    0.00    0.00    5.05    0.00    0.00    0.00    0.00    0.00    0.00   94.95
07:57:10 AM   39    0.00    0.00    5.05    0.00    0.00    0.00    0.00    0.00    0.00   94.95

07:57:10 AM  CPU    %usr   %nice    %sys %iowait    %irq   %soft  %steal  %guest  %gnice   %idle
07:57:11 AM  all    0.08    0.00    3.70    0.00    0.00    0.05    0.00    0.00    0.00   96.17
07:57:11 AM    0    0.00    0.00    0.00    0.00    0.00    1.01    0.00    0.00    0.00   98.99
07:57:11 AM    1    0.00    0.00    4.08    0.00    0.00    0.00    0.00    0.00    0.00   95.92
07:57:11 AM    2    0.00    0.00    4.04    0.00    0.00    0.00    0.00    0.00    0.00   95.96
07:57:11 AM    3    1.01    0.00    4.04    0.00    0.00    0.00    0.00    0.00    0.00   94.95
07:57:11 AM    4    0.00    0.00    5.05    0.00    0.00    0.00    0.00    0.00    0.00   94.95
07:57:11 AM    5    0.00    0.00    5.05    0.00    0.00    0.00    0.00    0.00    0.00   94.95
07:57:11 AM    6    0.00    0.00    0.00    0.00    0.00    0.00    0.00    0.00    0.00  100.00
07:57:11 AM    7    0.00    0.00    4.04    0.00    0.00    0.00    0.00    0.00    0.00   95.96
07:57:11 AM    8    0.00    0.00    3.09    0.00    0.00    0.00    0.00    0.00    0.00   96.91
07:57:11 AM    9    0.99    0.00    4.95    0.00    0.00    0.00    0.00    0.00    0.00   94.06
07:57:11 AM   10    0.00    0.00    0.00    0.00    0.00    0.00    0.00    0.00    0.00  100.00
07:57:11 AM   11    0.00    0.00    4.00    0.00    0.00    0.00    0.00    0.00    0.00   96.00
07:57:11 AM   12    0.00    0.00    5.05    0.00    0.00    0.00    0.00    0.00    0.00   94.95
07:57:11 AM   13    1.00    0.00    4.00    0.00    0.00    0.00    0.00    0.00    0.00   95.00
07:57:11 AM   14    0.00    0.00    4.08    0.00    0.00    0.00    0.00    0.00    0.00   95.92
07:57:11 AM   15    0.00    0.00    4.04    0.00    0.00    0.00    0.00    0.00    0.00   95.96
07:57:11 AM   16    0.00    0.00    6.12    0.00    0.00    0.00    0.00    0.00    0.00   93.88
07:57:11 AM   17    0.00    0.00    3.03    0.00    0.00    0.00    0.00    0.00    0.00   96.97
07:57:11 AM   18    0.00    0.00    6.06    0.00    0.00    0.00    0.00    0.00    0.00   93.94
07:57:11 AM   19    0.00    0.00    6.06    0.00    0.00    0.00    0.00    0.00    0.00   93.94
07:57:11 AM   20    0.00    0.00    4.04    0.00    0.00    0.00    0.00    0.00    0.00   95.96
07:57:11 AM   21    0.00    0.00    0.00    0.00    0.00    0.00    0.00    0.00    0.00  100.00
07:57:11 AM   22    0.00    0.00    4.04    0.00    0.00    0.00    0.00    0.00    0.00   95.96
07:57:11 AM   23    0.00    0.00    6.00    0.00    0.00    0.00    0.00    0.00    0.00   94.00
07:57:11 AM   24    0.00    0.00    5.10    0.00    0.00    0.00    0.00    0.00    0.00   94.90
07:57:11 AM   25    0.00    0.00    4.00    0.00    0.00    0.00    0.00    0.00    0.00   96.00
07:57:11 AM   26    0.00    0.00    4.04    0.00    0.00    0.00    0.00    0.00    0.00   95.96
07:57:11 AM   27    0.00    0.00    4.04    0.00    0.00    0.00    0.00    0.00    0.00   95.96
07:57:11 AM   28    0.00    0.00    4.04    0.00    0.00    0.00    0.00    0.00    0.00   95.96
07:57:11 AM   29    0.00    0.00    4.00    0.00    0.00    0.00    0.00    0.00    0.00   96.00
07:57:11 AM   30    0.00    0.00    4.00    0.00    0.00    0.00    0.00    0.00    0.00   96.00
07:57:11 AM   31    0.00    0.00    3.03    0.00    0.00    0.00    0.00    0.00    0.00   96.97
07:57:11 AM   32    0.00    0.00    5.00    0.00    0.00    0.00    0.00    0.00    0.00   95.00
07:57:11 AM   33    0.00    0.00    5.00    0.00    0.00    0.00    0.00    0.00    0.00   95.00
07:57:11 AM   34    0.00    0.00    5.10    0.00    0.00    0.00    0.00    0.00    0.00   94.90
07:57:11 AM   35    0.00    0.00    0.00    0.00    0.00    0.00    0.00    0.00    0.00  100.00
07:57:11 AM   36    0.00    0.00    0.00    0.00    0.00    0.00    0.00    0.00    0.00  100.00
07:57:11 AM   37    0.00    0.00    5.05    0.00    0.00    0.00    0.00    0.00    0.00   94.95
07:57:11 AM   38    0.00    0.00    0.00    0.00    0.00    0.00    0.00    0.00    0.00  100.00
07:57:11 AM   39    0.00    0.00    4.04    0.00    0.00    0.00    0.00    0.00    0.00   95.96

07:57:11 AM  CPU    %usr   %nice    %sys %iowait    %irq   %soft  %steal  %guest  %gnice   %idle
07:57:12 AM  all    0.10    0.00    3.73    0.00    0.00    0.00    0.00    0.00    0.00   96.17
07:57:12 AM    0    0.00    0.00    0.00    0.00    0.00    0.00    0.00    0.00    0.00  100.00
07:57:12 AM    1    0.00    0.00    5.05    0.00    0.00    0.00    0.00    0.00    0.00   94.95
07:57:12 AM    2    0.00    0.00    3.06    0.00    0.00    0.00    0.00    0.00    0.00   96.94
07:57:12 AM    3    0.00    0.00    2.00    0.00    0.00    0.00    0.00    0.00    0.00   98.00
07:57:12 AM    4    0.00    0.00    3.06    0.00    0.00    0.00    0.00    0.00    0.00   96.94
07:57:12 AM    5    0.00    0.00    3.00    0.00    0.00    0.00    0.00    0.00    0.00   97.00
07:57:12 AM    6    0.00    0.00    0.00    0.00    0.00    1.01    0.00    0.00    0.00   98.99
07:57:12 AM    7    0.00    0.00    4.04    0.00    0.00    0.00    0.00    0.00    0.00   95.96
07:57:12 AM    8    0.00    0.00    5.05    0.00    0.00    0.00    0.00    0.00    0.00   94.95
07:57:12 AM    9    0.00    0.00    5.00    0.00    0.00    0.00    0.00    0.00    0.00   95.00
07:57:12 AM   10    1.01    0.00    6.06    0.00    0.00    0.00    0.00    0.00    0.00   92.93
07:57:12 AM   11    0.00    0.00    5.05    0.00    0.00    0.00    0.00    0.00    0.00   94.95
07:57:12 AM   12    0.00    0.00    5.05    0.00    0.00    0.00    0.00    0.00    0.00   94.95
07:57:12 AM   13    0.00    0.00    5.05    0.00    0.00    0.00    0.00    0.00    0.00   94.95
07:57:12 AM   14    0.00    0.00    4.04    0.00    0.00    0.00    0.00    0.00    0.00   95.96
07:57:12 AM   15    0.00    0.00    6.00    0.00    0.00    0.00    0.00    0.00    0.00   94.00
07:57:12 AM   16    0.00    0.00    6.06    0.00    0.00    0.00    0.00    0.00    0.00   93.94
07:57:12 AM   17    0.00    0.00    5.00    0.00    0.00    0.00    0.00    0.00    0.00   95.00
07:57:12 AM   18    0.00    0.00    5.10    0.00    0.00    0.00    0.00    0.00    0.00   94.90
07:57:12 AM   19    0.00    0.00    0.00    0.00    0.00    0.00    0.00    0.00    0.00  100.00
07:57:12 AM   20    0.00    0.00    5.10    0.00    0.00    0.00    0.00    0.00    0.00   94.90
07:57:12 AM   21    0.00    0.00    0.00    0.00    0.00    0.00    0.00    0.00    0.00  100.00
07:57:12 AM   22    0.00    0.00    4.04    0.00    0.00    0.00    0.00    0.00    0.00   95.96
07:57:12 AM   23    0.00    0.00    5.00    0.00    0.00    0.00    0.00    0.00    0.00   95.00
07:57:12 AM   24    0.00    0.00    5.00    0.00    0.00    0.00    0.00    0.00    0.00   95.00
07:57:12 AM   25    0.00    0.00    3.03    0.00    0.00    0.00    0.00    0.00    0.00   96.97
07:57:12 AM   26    0.00    0.00    5.05    0.00    0.00    0.00    0.00    0.00    0.00   94.95
07:57:12 AM   27    0.00    0.00    5.00    0.00    0.00    0.00    0.00    0.00    0.00   95.00
07:57:12 AM   28    0.00    0.00    5.00    0.00    0.00    0.00    0.00    0.00    0.00   95.00
07:57:12 AM   29    0.00    0.00    4.04    0.00    0.00    0.00    0.00    0.00    0.00   95.96
07:57:12 AM   30    0.00    0.00    5.00    0.00    0.00    0.00    0.00    0.00    0.00   95.00
07:57:12 AM   31    0.00    0.00    0.00    0.00    0.00    0.00    0.00    0.00    0.00  100.00
07:57:12 AM   32    0.00    0.00    5.05    0.00    0.00    0.00    0.00    0.00    0.00   94.95
07:57:12 AM   33    0.00    0.00    5.05    0.00    0.00    0.00    0.00    0.00    0.00   94.95
07:57:12 AM   34    0.00    0.00    4.00    0.00    0.00    0.00    0.00    0.00    0.00   96.00
07:57:12 AM   35    0.00    0.00    0.00    0.00    0.00    0.00    0.00    0.00    0.00  100.00
07:57:12 AM   36    0.00    0.00    2.97    0.00    0.00    0.00    0.00    0.00    0.00   97.03
07:57:12 AM   37    0.00    0.00    3.03    0.00    0.00    0.00    0.00    0.00    0.00   96.97
07:57:12 AM   38    0.00    0.00    0.00    0.00    0.00    0.00    0.00    0.00    0.00  100.00
07:57:12 AM   39    0.00    0.00    4.04    0.00    0.00    0.00    0.00    0.00    0.00   95.96

07:57:12 AM  CPU    %usr   %nice    %sys %iowait    %irq   %soft  %steal  %guest  %gnice   %idle
07:57:13 AM  all    0.10    0.00    3.55    0.00    0.00    0.05    0.00    0.00    0.00   96.30
07:57:13 AM    0    0.00    0.00    4.08    0.00    0.00    0.00    0.00    0.00    0.00   95.92
07:57:13 AM    1    1.00    0.00    5.00    0.00    0.00    0.00    0.00    0.00    0.00   94.00
07:57:13 AM    2    1.01    0.00    4.04    0.00    0.00    0.00    0.00    0.00    0.00   94.95
07:57:13 AM    3    0.00    0.00    0.00    0.00    0.00    0.00    0.00    0.00    0.00  100.00
07:57:13 AM    4    0.00    0.00    4.08    0.00    0.00    0.00    0.00    0.00    0.00   95.92
07:57:13 AM    5    0.00    0.00    4.04    0.00    0.00    0.00    0.00    0.00    0.00   95.96
07:57:13 AM    6    0.00    0.00    1.02    0.00    0.00    0.00    0.00    0.00    0.00   98.98
07:57:13 AM    7    0.00    0.00    4.04    0.00    0.00    0.00    0.00    0.00    0.00   95.96
07:57:13 AM    8    0.00    0.00    4.08    0.00    0.00    0.00    0.00    0.00    0.00   95.92
07:57:13 AM    9    0.00    0.00    4.04    0.00    0.00    0.00    0.00    0.00    0.00   95.96
07:57:13 AM   10    0.00    0.00    4.04    0.00    0.00    0.00    0.00    0.00    0.00   95.96
07:57:13 AM   11    0.00    0.00    6.00    0.00    0.00    0.00    0.00    0.00    0.00   94.00
07:57:13 AM   12    0.00    0.00    4.08    0.00    0.00    0.00    0.00    0.00    0.00   95.92
07:57:13 AM   13    0.00    0.00    4.04    0.00    0.00    0.00    0.00    0.00    0.00   95.96
07:57:13 AM   14    0.00    0.00    4.08    0.00    0.00    0.00    0.00    0.00    0.00   95.92
07:57:13 AM   15    0.00    0.00    4.04    0.00    0.00    0.00    0.00    0.00    0.00   95.96
07:57:13 AM   16    0.00    0.00    4.12    0.00    0.00    0.00    0.00    0.00    0.00   95.88
07:57:13 AM   17    0.00    0.00    0.00    0.00    0.00    0.00    0.00    0.00    0.00  100.00
07:57:13 AM   18    0.00    0.00    5.05    0.00    0.00    0.00    0.00    0.00    0.00   94.95
07:57:13 AM   19    0.00    0.00    0.00    0.00    0.00    2.00    0.00    0.00    0.00   98.00
07:57:13 AM   20    0.00    0.00    4.00    0.00    0.00    0.00    0.00    0.00    0.00   96.00
07:57:13 AM   21    0.00    0.00    0.00    0.00    0.00    0.00    0.00    0.00    0.00  100.00
07:57:13 AM   22    0.00    0.00    4.04    0.00    0.00    0.00    0.00    0.00    0.00   95.96
07:57:13 AM   23    1.00    0.00    4.00    0.00    0.00    0.00    0.00    0.00    0.00   95.00
07:57:13 AM   24    0.00    0.00    4.08    0.00    0.00    0.00    0.00    0.00    0.00   95.92
07:57:13 AM   25    0.00    0.00    4.00    0.00    0.00    0.00    0.00    0.00    0.00   96.00
07:57:13 AM   26    0.00    0.00    5.00    0.00    0.00    0.00    0.00    0.00    0.00   95.00
07:57:13 AM   27    0.00    0.00    4.04    0.00    0.00    0.00    0.00    0.00    0.00   95.96
07:57:13 AM   28    0.00    0.00    4.04    0.00    0.00    0.00    0.00    0.00    0.00   95.96
07:57:13 AM   29    0.00    0.00    4.00    0.00    0.00    0.00    0.00    0.00    0.00   96.00
07:57:13 AM   30    0.00    0.00    5.05    0.00    0.00    0.00    0.00    0.00    0.00   94.95
07:57:13 AM   31    0.00    0.00    0.00    0.00    0.00    0.00    0.00    0.00    0.00  100.00
07:57:13 AM   32    0.00    0.00    5.05    0.00    0.00    0.00    0.00    0.00    0.00   94.95
07:57:13 AM   33    0.00    0.00    4.00    0.00    0.00    0.00    0.00    0.00    0.00   96.00
07:57:13 AM   34    0.00    0.00    4.08    0.00    0.00    0.00    0.00    0.00    0.00   95.92
07:57:13 AM   35    0.00    0.00    0.00    0.00    0.00    0.00    0.00    0.00    0.00  100.00
07:57:13 AM   36    0.00    0.00    4.04    0.00    0.00    0.00    0.00    0.00    0.00   95.96
07:57:13 AM   37    0.00    0.00    4.95    0.00    0.00    0.00    0.00    0.00    0.00   95.05
07:57:13 AM   38    0.00    0.00    0.00    0.00    0.00    0.00    0.00    0.00    0.00  100.00
07:57:13 AM   39    0.00    0.00    4.00    0.00    0.00    0.00    0.00    0.00    0.00   96.00

07:57:13 AM  CPU    %usr   %nice    %sys %iowait    %irq   %soft  %steal  %guest  %gnice   %idle
07:57:14 AM  all    0.10    0.00    4.11    0.00    0.00    0.00    0.00    0.00    0.00   95.79
07:57:14 AM    0    0.00    0.00    3.03    0.00    0.00    1.01    0.00    0.00    0.00   95.96
07:57:14 AM    1    0.00    0.00    6.00    0.00    0.00    0.00    0.00    0.00    0.00   94.00
07:57:14 AM    2    0.00    0.00    5.10    0.00    0.00    0.00    0.00    0.00    0.00   94.90
07:57:14 AM    3    1.00    0.00    1.00    0.00    0.00    0.00    0.00    0.00    0.00   98.00
07:57:14 AM    4    0.00    0.00    5.05    0.00    0.00    0.00    0.00    0.00    0.00   94.95
07:57:14 AM    5    0.00    0.00    3.06    0.00    0.00    0.00    0.00    0.00    0.00   96.94
07:57:14 AM    6    0.00    0.00    0.00    0.00    0.00    0.00    0.00    0.00    0.00  100.00
07:57:14 AM    7    0.00    0.00    4.04    0.00    0.00    0.00    0.00    0.00    0.00   95.96
07:57:14 AM    8    0.00    0.00    5.10    0.00    0.00    0.00    0.00    0.00    0.00   94.90
07:57:14 AM    9    0.00    0.00    3.03    0.00    0.00    0.00    0.00    0.00    0.00   96.97
07:57:14 AM   10    0.00    0.00    0.00    0.00    0.00    0.00    0.00    0.00    0.00  100.00
07:57:14 AM   11    0.00    0.00    6.06    0.00    0.00    0.00    0.00    0.00    0.00   93.94
07:57:14 AM   12    0.00    0.00    6.00    0.00    0.00    0.00    0.00    0.00    0.00   94.00
07:57:14 AM   13    0.99    0.00    6.93    0.00    0.00    0.00    0.00    0.00    0.00   92.08
07:57:14 AM   14    0.00    0.00    5.05    0.00    0.00    0.00    0.00    0.00    0.00   94.95
07:57:14 AM   15    0.00    0.00    6.00    0.00    0.00    0.00    0.00    0.00    0.00   94.00
07:57:14 AM   16    1.00    0.00    6.00    0.00    0.00    0.00    0.00    0.00    0.00   93.00
07:57:14 AM   17    0.00    0.00    1.01    0.00    0.00    0.00    0.00    0.00    0.00   98.99
07:57:14 AM   18    0.00    0.00    5.10    0.00    0.00    0.00    0.00    0.00    0.00   94.90
07:57:14 AM   19    0.00    0.00    0.00    0.00    0.00    0.00    0.00    0.00    0.00  100.00
07:57:14 AM   20    0.00    0.00    5.05    0.00    0.00    0.00    0.00    0.00    0.00   94.95
07:57:14 AM   21    0.00    0.00    0.00    0.00    0.00    0.00    0.00    0.00    0.00  100.00
07:57:14 AM   22    0.00    0.00    5.10    0.00    0.00    0.00    0.00    0.00    0.00   94.90
07:57:14 AM   23    0.00    0.00    6.00    0.00    0.00    0.00    0.00    0.00    0.00   94.00
07:57:14 AM   24    0.00    0.00    5.00    0.00    0.00    0.00    0.00    0.00    0.00   95.00
07:57:14 AM   25    0.00    0.00    4.08    0.00    0.00    0.00    0.00    0.00    0.00   95.92
07:57:14 AM   26    0.00    0.00    6.00    0.00    0.00    0.00    0.00    0.00    0.00   94.00
07:57:14 AM   27    0.00    0.00    4.95    0.00    0.00    0.00    0.00    0.00    0.00   95.05
07:57:14 AM   28    0.99    0.00    4.95    0.00    0.00    0.00    0.00    0.00    0.00   94.06
07:57:14 AM   29    0.00    0.00    5.05    0.00    0.00    0.00    0.00    0.00    0.00   94.95
07:57:14 AM   30    0.00    0.00    4.04    0.00    0.00    0.00    0.00    0.00    0.00   95.96
07:57:14 AM   31    0.00    0.00    0.00    0.00    0.00    0.00    0.00    0.00    0.00  100.00
07:57:14 AM   32    0.00    0.00    5.00    0.00    0.00    0.00    0.00    0.00    0.00   95.00
07:57:14 AM   33    0.99    0.00    5.94    0.00    0.00    0.00    0.00    0.00    0.00   93.07
07:57:14 AM   34    1.00    0.00    6.00    0.00    0.00    0.00    0.00    0.00    0.00   93.00
07:57:14 AM   35    0.00    0.00    0.00    0.00    0.00    0.00    0.00    0.00    0.00  100.00
07:57:14 AM   36    0.00    0.00    6.00    0.00    0.00    0.00    0.00    0.00    0.00   94.00
07:57:14 AM   37    0.00    0.00    6.00    0.00    0.00    0.00    0.00    0.00    0.00   94.00
07:57:14 AM   38    0.00    0.00    3.03    0.00    0.00    0.00    0.00    0.00    0.00   96.97
07:57:14 AM   39    0.00    0.00    5.00    0.00    0.00    0.00    0.00    0.00    0.00   95.00

07:57:14 AM  CPU    %usr   %nice    %sys %iowait    %irq   %soft  %steal  %guest  %gnice   %idle
07:57:15 AM  all    0.13    0.00    4.00    0.00    0.00    0.03    0.00    0.00    0.00   95.84
07:57:15 AM    0    0.00    0.00    5.05    0.00    0.00    1.01    0.00    0.00    0.00   93.94
07:57:15 AM    1    0.00    0.00    5.10    0.00    0.00    0.00    0.00    0.00    0.00   94.90
07:57:15 AM    2    0.00    0.00    5.10    0.00    0.00    0.00    0.00    0.00    0.00   94.90
07:57:15 AM    3    0.00    0.00    5.00    0.00    0.00    0.00    0.00    0.00    0.00   95.00
07:57:15 AM    4    1.01    0.00    5.05    0.00    0.00    0.00    0.00    0.00    0.00   93.94
07:57:15 AM    5    0.00    0.00    6.00    0.00    0.00    0.00    0.00    0.00    0.00   94.00
07:57:15 AM    6    1.01    0.00    4.04    0.00    0.00    0.00    0.00    0.00    0.00   94.95
07:57:15 AM    7    0.99    0.00    4.95    0.00    0.00    0.00    0.00    0.00    0.00   94.06
07:57:15 AM    8    0.00    0.00    5.05    0.00    0.00    0.00    0.00    0.00    0.00   94.95
07:57:15 AM    9    0.00    0.00    5.00    0.00    0.00    0.00    0.00    0.00    0.00   95.00
07:57:15 AM   10    0.00    0.00    0.00    0.00    0.00    0.00    0.00    0.00    0.00  100.00
07:57:15 AM   11    0.00    0.00    5.94    0.00    0.00    0.00    0.00    0.00    0.00   94.06
07:57:15 AM   12    0.00    0.00    4.12    0.00    0.00    0.00    0.00    0.00    0.00   95.88
07:57:15 AM   13    0.00    0.00    4.04    0.00    0.00    0.00    0.00    0.00    0.00   95.96
07:57:15 AM   14    0.00    0.00    5.05    0.00    0.00    0.00    0.00    0.00    0.00   94.95
07:57:15 AM   15    0.00    0.00    5.05    0.00    0.00    0.00    0.00    0.00    0.00   94.95
07:57:15 AM   16    0.00    0.00    5.10    0.00    0.00    0.00    0.00    0.00    0.00   94.90
07:57:15 AM   17    1.00    0.00    5.00    0.00    0.00    0.00    0.00    0.00    0.00   94.00
07:57:15 AM   18    0.00    0.00    5.10    0.00    0.00    0.00    0.00    0.00    0.00   94.90
07:57:15 AM   19    0.00    0.00    0.00    0.00    0.00    0.00    0.00    0.00    0.00  100.00
07:57:15 AM   20    0.00    0.00    0.00    0.00    0.00    0.00    0.00    0.00    0.00  100.00
07:57:15 AM   21    0.00    0.00    0.00    0.00    0.00    0.00    0.00    0.00    0.00  100.00
07:57:15 AM   22    0.00    0.00    5.05    0.00    0.00    0.00    0.00    0.00    0.00   94.95
07:57:15 AM   23    0.00    0.00    5.00    0.00    0.00    0.00    0.00    0.00    0.00   95.00
07:57:15 AM   24    0.00    0.00    5.05    0.00    0.00    0.00    0.00    0.00    0.00   94.95
07:57:15 AM   25    0.00    0.00    5.00    0.00    0.00    0.00    0.00    0.00    0.00   95.00
07:57:15 AM   26    0.00    0.00    0.00    0.00    0.00    0.00    0.00    0.00    0.00  100.00
07:57:15 AM   27    0.00    0.00    5.00    0.00    0.00    0.00    0.00    0.00    0.00   95.00
07:57:15 AM   28    0.00    0.00    4.04    0.00    0.00    0.00    0.00    0.00    0.00   95.96
07:57:15 AM   29    0.00    0.00    5.00    0.00    0.00    0.00    0.00    0.00    0.00   95.00
07:57:15 AM   30    0.00    0.00    6.00    0.00    0.00    0.00    0.00    0.00    0.00   94.00
07:57:15 AM   31    0.00    0.00    1.00    0.00    0.00    0.00    0.00    0.00    0.00   99.00
07:57:15 AM   32    0.00    0.00    4.04    0.00    0.00    0.00    0.00    0.00    0.00   95.96
07:57:15 AM   33    0.00    0.00    5.00    0.00    0.00    0.00    0.00    0.00    0.00   95.00
07:57:15 AM   34    0.00    0.00    5.94    0.00    0.00    0.00    0.00    0.00    0.00   94.06
07:57:15 AM   35    0.00    0.00    0.00    0.00    0.00    0.00    0.00    0.00    0.00  100.00
07:57:15 AM   36    0.00    0.00    5.00    0.00    0.00    0.00    0.00    0.00    0.00   95.00
07:57:15 AM   37    0.00    0.00    5.05    0.00    0.00    0.00    0.00    0.00    0.00   94.95
07:57:15 AM   38    0.00    0.00    5.05    0.00    0.00    0.00    0.00    0.00    0.00   94.95
07:57:15 AM   39    0.00    0.00    5.00    0.00    0.00    0.00    0.00    0.00    0.00   95.00


Average:     CPU    %usr   %nice    %sys %iowait    %irq   %soft  %steal  %guest  %gnice   %idle
Average:     all    1.34    0.00    4.06    0.02    0.00    1.19    0.00    0.00    0.00   93.39
Average:       0    1.16    0.00    4.26    0.04    0.00    4.09    0.00    0.00    0.00   90.44
Average:       1    1.53    0.00    4.60    0.00    0.00    5.58    0.00    0.00    0.00   88.29
Average:       2    1.45    0.00    4.25    0.00    0.00    1.49    0.00    0.00    0.00   92.81
Average:       3    0.48    0.00    3.62    0.00    0.00    1.74    0.00    0.00    0.00   94.16
Average:       4    1.38    0.00    3.73    0.00    0.00    6.97    0.00    0.00    0.00   87.93
Average:       5    0.26    0.00    2.81    0.00    0.00    0.18    0.00    0.00    0.00   96.75
Average:       6    1.96    0.00    4.55    0.00    0.00    0.40    0.00    0.00    0.00   93.09
Average:       7    0.22    0.00    4.07    0.00    0.00    0.00    0.00    0.00    0.00   95.71
Average:       8    1.51    0.00    4.10    0.00    0.00    0.36    0.00    0.00    0.00   94.03
Average:       9    0.09    0.00    4.16    0.00    0.00    0.00    0.00    0.00    0.00   95.75
Average:      10    1.60    0.00    2.62    0.00    0.00    0.36    0.00    0.00    0.00   95.42
Average:      11    0.04    0.00    4.12    0.00    0.00    0.00    0.00    0.00    0.00   95.84
Average:      12    1.25    0.00    4.27    0.00    0.00    1.25    0.00    0.00    0.00   93.24
Average:      13    0.22    0.00    2.75    0.00    0.00    0.09    0.00    0.00    0.00   96.94
Average:      14    1.32    0.00    2.86    0.00    0.00    5.73    0.00    0.00    0.00   90.08
Average:      15    0.18    0.00    4.38    0.00    0.00    0.00    0.00    0.00    0.00   95.45
Average:      16    8.65    0.00    8.52    0.00    0.00    7.73    0.00    0.00    0.00   75.11
Average:      17    0.13    0.00    3.07    0.00    0.00    0.04    0.00    0.00    0.00   96.76
Average:      18    1.28    0.00    4.15    0.00    0.00    6.94    0.00    0.00    0.00   87.63
Average:      19   19.60    0.00   12.61    0.57    0.00    3.69    0.00    0.00    0.00   63.53
Average:      20    0.92    0.00    3.99    0.00    0.00    0.13    0.00    0.00    0.00   94.96
Average:      21    1.98    0.00    3.22    0.04    0.00    0.31    0.00    0.00    0.00   94.45
Average:      22    0.70    0.00    3.86    0.00    0.00    0.04    0.00    0.00    0.00   95.39
Average:      23    0.39    0.00    3.36    0.00    0.00    0.04    0.00    0.00    0.00   96.21
Average:      24    0.83    0.00    3.91    0.00    0.00    0.04    0.00    0.00    0.00   95.22
Average:      25    0.13    0.00    4.19    0.00    0.00    0.04    0.00    0.00    0.00   95.63
Average:      26    0.79    0.00    3.63    0.00    0.00    0.18    0.00    0.00    0.00   95.40
Average:      27    0.04    0.00    3.97    0.00    0.00    0.00    0.00    0.00    0.00   95.99
Average:      28    0.39    0.00    4.04    0.00    0.00    0.09    0.00    0.00    0.00   95.48
Average:      29    0.13    0.00    3.84    0.00    0.00    0.00    0.00    0.00    0.00   96.03
Average:      30    0.52    0.00    4.02    0.00    0.00    0.13    0.00    0.00    0.00   95.33
Average:      31    0.09    0.00    2.57    0.00    0.00    0.00    0.00    0.00    0.00   97.34
Average:      32    0.57    0.00    3.89    0.00    0.00    0.04    0.00    0.00    0.00   95.50
Average:      33    0.04    0.00    4.36    0.00    0.00    0.00    0.00    0.00    0.00   95.60
Average:      34    0.79    0.00    3.95    0.00    0.00    0.04    0.00    0.00    0.00   95.22
Average:      35    0.09    0.00    2.36    0.00    0.00    0.00    0.00    0.00    0.00   97.56
Average:      36    0.17    0.00    2.49    0.00    0.00    0.04    0.00    0.00    0.00   97.29
Average:      37    0.04    0.00    3.93    0.00    0.00    0.00    0.00    0.00    0.00   96.03
Average:      38    0.79    0.00    3.29    0.00    0.00    0.04    0.00    0.00    0.00   95.88
Average:      39    0.04    0.00    3.97    0.00    0.00    0.00    0.00    0.00    0.00   95.99
