Total CPU utilization for nginx core #19:
7.0
16.4
42.9
44.4
44.3
44.3
39.6
40.9
43.8
39.0
43.7
39.8
39.6
45.4
46.6
46.2
46.4
45.5
40.5
45.1
41.7
45.9
39.6
40.0
41.3
41.3
40.3
42.3
39.0
46.5
42.9
48.5
39.6
37.7
44.0
46.0
42.6
44.0
39.2
7.0
6.1
7.1
7.0
7.0
6.1
6.0
5.1
Total CPU utilization for mmc core #6:
6.1
11.8
12.3
11.6
9.3
7.3
13.3
12.9
11.3
9.2
13.9
11.2
12.0
11.3
10.4
10.1
10.1
11.5
10.0
8.4
9.3
12.9
10.7
11.4
10.4
11.0
13.2
10.5
9.2
8.3
9.5
10.4
8.5
11.5
12.3
11.3
14.0
8.7
9.2
5.1
5.2
4.2
5.0
5.1
6.0
6.0
4.1
Total CPU utilization for mongod core #16:
5.0
13.0
36.0
29.7
25.6
26.4
27.3
29.7
30.4
27.9
24.8
28.3
24.5
28.6
33.4
28.6
25.6
27.6
25.6
24.8
29.7
29.3
29.0
24.5
22.9
28.0
23.4
26.8
27.1
26.1
23.4
24.8
27.6
30.7
28.3
27.4
31.0
26.1
28.0
5.2
4.2
5.1
0.0
7.0
5.0
1.1
1.0
