Total CPU utilization for nginx core #19:
6.1
51.6
62.9
64.4
61.1
61.4
59.8
64.5
60.0
62.3
61.5
60.9
60.5
64.0
59.4
63.6
63.7
62.9
60.5
65.7
63.6
63.2
64.3
64.0
64.7
64.3
64.6
65.3
64.0
64.0
63.5
66.0
66.0
65.3
64.4
63.2
64.4
6.2
6.1
6.2
6.1
7.2
6.1
6.1
0.0
Total CPU utilization for mmc core #6:
7.1
8.0
7.4
10.4
13.0
12.7
12.9
12.2
8.3
10.4
9.3
11.2
14.6
11.4
11.2
12.3
11.2
10.1
10.2
10.5
12.2
11.9
10.2
11.0
9.3
9.5
12.9
10.1
10.4
10.2
9.3
10.6
11.2
7.4
7.4
9.6
11.4
6.1
6.2
4.2
0.0
4.1
7.2
6.1
0.0
Total CPU utilization for mongod core #16:
7.0
32.4
42.6
38.2
38.2
40.6
41.9
36.9
34.1
39.0
40.0
39.8
40.6
37.5
37.5
37.8
38.2
39.6
41.8
40.6
39.6
39.4
38.8
36.9
35.8
38.4
36.9
37.5
40.0
42.4
45.8
37.5
40.0
34.5
38.4
39.8
40.0
11.2
6.2
4.2
7.2
4.1
6.1
7.1
5.1
