Total CPU utilization for nginx core #19:
47.1
82.9
60.9
61.7
63.4
60.9
59.6
61.5
60.9
66.7
63.8
64.8
60.7
60.5
61.1
60.9
64.0
62.7
61.3
59.6
62.9
63.0
63.2
66.0
65.3
69.3
67.7
66.7
64.7
62.9
65.1
64.6
63.5
68.7
65.7
64.3
66.4
77.8
100.0
100.0
100.0
100.0
100.0
100.0
22.3
7.0
6.1
Total CPU utilization for mmc core #6:
9.1
9.4
11.4
10.5
11.4
13.2
11.5
12.5
12.3
8.4
6.4
9.4
13.2
8.5
11.2
9.4
9.4
10.4
9.4
10.4
12.4
14.8
8.3
10.4
12.4
11.2
6.4
11.3
10.1
12.2
10.2
10.1
11.3
12.2
7.4
14.0
11.4
9.3
6.1
4.1
2.1
5.1
6.2
6.2
5.2
4.1
6.0
Total CPU utilization for mongod core #16:
19.0
59.2
44.7
37.9
37.9
39.6
39.6
38.2
40.6
42.3
38.8
39.8
40.0
40.6
41.0
39.6
39.6
39.4
35.2
36.9
39.0
36.5
39.6
43.9
35.2
41.8
40.6
38.6
43.4
41.6
40.6
40.0
40.0
39.8
41.8
40.6
39.8
32.0
7.1
7.2
5.2
4.2
5.1
4.2
6.1
5.1
7.0
