Total CPU utilization for nginx core #19:
6.0
28.9
39.4
42.2
42.0
40.9
47.5
42.5
42.8
41.3
42.3
37.5
38.2
41.3
43.9
46.0
42.5
45.0
46.0
46.0
39.6
41.9
48.6
45.0
43.9
41.9
40.6
41.9
6.1
6.1
6.2
2.1
Total CPU utilization for mmc core #6:
7.0
10.9
9.3
12.3
9.4
10.5
10.2
11.4
9.2
9.2
9.4
15.2
10.2
13.2
13.3
9.4
11.3
12.9
6.3
10.1
11.2
11.3
12.3
7.5
12.9
8.6
9.4
13.0
5.2
5.2
6.1
4.1
Total CPU utilization for mongod core #16:
7.0
17.4
52.8
38.8
38.8
41.6
37.5
36.9
42.2
41.6
42.4
40.4
41.6
44.3
41.0
42.9
36.9
39.6
36.9
42.0
40.3
42.0
41.2
37.7
41.0
42.8
40.9
36.2
5.1
4.2
5.2
4.1
