Total CPU utilization for nginx core #19:
22.0
16.9
20.2
17.9
15.7
20.6
17.1
20.0
18.9
14.8
18.2
24.8
19.0
19.2
17.6
21.6
20.5
15.7
22.3
16.4
14.3
15.2
18.8
19.4
14.6
16.4
16.7
21.0
16.9
17.4
14.9
14.5
18.8
15.4
17.4
16.4
22.0
42.9
50.0
45.5
6.0
Total CPU utilization for mmc core #6:
16.5
12.3
12.2
13.0
13.4
16.9
12.3
16.0
13.2
11.3
17.0
9.5
12.3
13.3
8.6
6.6
7.4
13.0
13.9
14.3
12.7
9.5
17.9
13.2
11.3
8.5
15.2
14.2
13.4
14.0
13.0
15.7
9.7
13.6
16.2
15.5
12.4
7.2
1.1
5.1
1.1
Total CPU utilization for mongod core #16:
39.0
32.7
28.0
24.5
31.1
21.8
31.1
26.8
32.7
24.3
24.8
25.9
27.1
26.8
29.6
27.9
30.3
29.0
28.3
25.6
26.4
25.6
27.9
32.0
28.8
30.3
33.7
28.3
25.6
27.6
27.3
28.6
26.8
27.9
27.6
26.4
29.3
17.2
5.1
3.1
6.1
