Total CPU utilization for nginx core #19:
7.0
36.1
41.1
41.5
41.5
42.3
40.9
38.7
37.0
35.3
39.8
38.4
41.5
43.8
46.9
46.0
48.5
41.3
44.7
35.5
43.5
32.6
40.7
42.9
38.3
40.7
40.7
42.5
33.4
42.5
35.1
38.8
40.5
33.4
42.6
34.5
28.0
6.2
6.1
6.2
7.0
7.0
Total CPU utilization for mmc core #6:
6.0
4.2
12.2
11.0
9.4
8.4
10.2
12.0
9.1
16.0
10.5
12.2
13.3
10.2
8.6
11.5
10.4
11.3
8.4
12.9
6.4
12.3
10.5
14.2
12.2
16.5
8.6
12.0
13.0
10.4
9.3
11.2
14.6
9.3
11.4
7.6
11.2
4.2
8.0
5.1
5.1
7.1
Total CPU utilization for mongod core #16:
6.0
29.7
42.2
40.9
37.5
38.7
37.0
41.2
40.6
40.9
38.8
41.0
40.9
38.2
41.0
38.8
41.6
43.0
41.8
40.0
40.4
44.2
41.0
37.5
36.6
41.6
35.5
41.2
42.4
42.6
38.8
36.5
41.5
41.2
39.8
40.6
35.1
7.1
5.1
5.1
7.1
6.1
