Total CPU utilization for nginx core #19:
30.7
47.0
40.7
46.0
39.0
37.7
49.0
38.9
46.0
43.9
40.5
42.8
41.5
40.0
42.3
45.0
43.9
43.5
36.0
39.2
43.8
48.6
43.6
40.9
40.5
34.5
39.2
42.0
42.8
42.8
37.9
42.5
43.7
40.9
44.4
42.2
40.9
42.6
98.0
60.0
6.0
6.1
7.0
6.1
5.0
Total CPU utilization for mmc core #6:
10.9
15.2
12.2
9.6
14.2
12.3
13.9
12.5
13.3
9.4
11.0
15.9
10.2
13.2
4.3
14.0
10.4
13.2
16.0
10.6
9.3
10.5
11.6
7.4
9.4
7.3
13.0
12.0
12.4
11.3
14.0
7.4
9.3
9.2
8.4
10.4
10.1
7.5
6.2
6.2
6.2
5.2
5.1
5.1
6.0
Total CPU utilization for mongod core #16:
13.2
54.2
38.6
43.0
40.0
41.0
39.2
38.8
40.4
37.2
35.5
34.5
39.0
39.4
38.4
43.3
38.6
36.9
36.9
38.4
38.8
38.8
38.4
37.5
42.9
37.3
38.8
35.2
40.6
43.6
37.7
38.8
38.6
40.0
39.4
39.0
40.6
39.2
7.3
5.1
6.1
6.1
6.2
6.0
5.1
