Total CPU utilization for nginx core #19:
6.0
49.5
63.0
60.7
60.9
60.7
63.0
60.3
60.9
60.3
58.1
63.7
62.4
61.1
61.3
63.7
63.7
62.9
61.2
61.1
61.1
63.3
61.9
64.3
64.4
64.6
65.7
41.1
1.0
Total CPU utilization for mmc core #6:
5.1
13.3
12.8
11.2
12.3
8.2
12.3
13.3
11.3
10.2
11.2
5.5
10.1
7.3
9.4
10.2
12.8
14.2
15.7
9.5
10.4
10.4
9.2
10.4
8.3
16.0
18.3
6.3
8.0
Total CPU utilization for mongod core #16:
7.0
36.5
43.3
36.8
36.2
36.1
43.4
36.2
37.2
35.2
34.5
40.0
37.8
38.2
41.2
37.5
38.2
38.2
40.6
39.4
39.4
36.5
40.4
38.2
40.0
37.5
39.4
27.3
6.0
