Total CPU utilization for nginx core #19:
13.9
18.6
17.4
20.5
17.6
21.0
20.7
21.3
15.7
21.0
21.3
19.2
18.4
14.9
12.9
17.1
13.6
19.6
14.9
22.0
20.5
20.2
16.0
18.0
14.8
22.3
19.4
17.9
14.8
21.0
21.5
14.5
18.7
16.2
13.6
18.8
19.8
21.6
54.6
58.4
24.0
6.0
6.0
6.1
5.0
Total CPU utilization for mmc core #6:
6.2
10.4
9.2
10.2
9.5
8.3
8.5
9.5
11.4
10.7
11.3
15.0
9.3
11.4
7.7
11.6
15.7
11.7
13.3
14.5
10.4
12.7
15.4
5.4
11.5
12.3
14.5
6.4
13.2
12.7
14.3
13.2
12.3
8.2
8.4
10.2
13.2
15.2
5.1
2.1
4.1
5.1
6.2
5.1
6.1
Total CPU utilization for mongod core #16:
20.2
42.5
42.9
41.2
38.3
39.6
38.8
42.4
39.6
43.4
37.5
37.4
34.1
36.5
39.6
42.9
41.8
44.7
44.8
41.2
42.5
38.6
40.3
39.4
40.9
38.4
43.0
42.6
42.2
41.8
38.6
37.5
38.4
36.8
37.7
38.4
36.5
37.4
7.2
6.1
4.2
12.2
4.1
5.1
4.1
