Total CPU utilization for nginx core #19:
7.1
55.6
32.3
45.1
36.7
41.7
38.9
42.0
42.3
42.0
42.8
37.8
39.2
45.6
36.2
40.6
42.8
39.6
38.1
40.5
42.8
43.0
45.0
39.4
34.8
36.9
32.3
34.1
34.7
30.8
38.5
44.9
41.7
35.5
37.7
31.2
39.6
36.2
80.9
100.0
99.1
86.0
7.0
7.0
7.0
8.1
6.1
6.0
Total CPU utilization for mmc core #6:
6.1
11.4
13.4
12.4
9.6
10.5
10.4
9.3
6.4
6.4
8.4
9.4
16.0
8.3
12.3
9.6
14.0
12.4
13.0
9.3
12.2
9.3
12.9
9.4
12.4
11.3
10.5
14.8
7.7
10.5
11.4
8.3
10.5
11.3
14.2
12.5
13.3
11.5
8.2
5.1
6.1
5.2
6.1
6.2
6.0
5.1
6.0
6.1
Total CPU utilization for mongod core #16:
8.0
44.8
45.6
41.3
37.3
38.2
37.5
37.3
37.2
41.6
42.4
40.4
39.4
38.6
41.2
34.5
38.6
35.8
36.9
39.2
37.5
36.6
37.9
41.2
38.6
41.6
35.5
38.2
39.4
36.2
37.3
38.8
41.2
39.2
39.4
37.9
37.5
39.2
21.3
7.2
8.1
6.2
6.2
4.1
6.0
5.1
7.1
5.0
