Total CPU utilization for nginx core #19:
23.5
40.4
39.8
42.2
44.0
43.3
44.8
42.2
42.3
43.2
45.5
43.8
42.8
39.4
36.8
37.4
40.3
41.3
42.5
40.3
42.8
43.2
39.0
36.7
36.3
45.4
42.9
6.1
7.1
6.2
6.1
6.1
Total CPU utilization for mmc core #6:
6.2
11.5
9.3
8.3
7.4
9.2
9.5
13.0
14.2
13.2
14.2
14.2
12.3
9.2
13.0
10.5
9.3
12.9
10.4
6.5
9.5
10.5
11.2
10.2
13.0
9.3
13.0
6.2
3.1
5.1
5.1
5.2
Total CPU utilization for mongod core #16:
18.8
29.1
28.3
25.3
31.8
27.6
30.3
29.6
26.6
25.8
31.1
25.8
27.8
28.8
32.8
24.3
33.4
30.8
29.7
29.2
27.6
28.2
28.3
29.7
27.6
27.6
26.6
6.1
6.0
5.3
8.1
2.1
