Total CPU utilization for nginx core #19:
15.4
40.0
44.4
45.0
43.1
41.1
38.5
44.6
46.0
38.7
43.1
38.8
34.1
34.1
43.3
41.7
44.3
41.1
42.3
44.4
42.8
40.7
40.9
44.5
37.9
35.3
42.5
43.5
38.4
31.4
35.8
40.4
41.7
43.9
42.2
38.6
45.5
43.6
95.9
100.0
99.1
49.0
6.0
7.1
6.0
6.2
5.0
Total CPU utilization for mmc core #6:
6.0
9.3
12.3
12.4
11.3
12.2
8.5
11.2
10.1
12.0
10.6
13.0
12.5
12.4
9.3
10.2
10.4
15.7
8.5
10.5
10.5
15.0
7.3
10.2
11.4
9.5
11.4
9.3
12.3
15.7
8.6
5.5
12.4
10.7
4.4
8.3
6.4
8.4
6.2
3.1
4.1
5.1
4.1
4.1
6.0
5.1
7.0
Total CPU utilization for mongod core #16:
12.3
35.8
30.4
26.1
26.3
32.4
31.8
30.4
23.7
28.0
26.6
22.6
21.8
28.8
27.3
30.7
24.5
22.9
23.7
24.8
22.4
25.0
27.3
24.3
24.5
27.3
24.8
27.9
24.5
26.8
26.4
29.3
29.3
25.6
25.8
26.1
22.0
21.2
7.3
5.2
2.1
7.1
7.1
6.2
7.0
6.2
0.0
