Total CPU utilization for nginx core #19:
6.1
6.1
75.8
62.7
62.5
62.7
65.7
60.9
63.8
63.4
62.9
62.2
60.5
60.0
62.3
65.0
63.2
62.5
64.8
60.7
61.7
63.7
61.1
63.2
62.8
65.3
66.7
67.0
64.6
61.2
65.4
63.7
64.6
64.0
64.0
65.0
65.0
64.6
68.4
93.9
100.0
80.9
7.0
6.1
8.0
7.0
7.0
6.1
7.0
5.1
Total CPU utilization for mmc core #6:
1.1
0.0
12.9
11.3
10.2
12.3
13.0
12.7
16.2
10.6
13.4
12.3
12.3
11.5
10.5
7.5
11.6
11.4
6.3
6.4
9.2
10.5
9.4
8.3
12.2
13.9
9.3
14.3
12.3
9.4
8.6
10.4
9.4
11.3
11.4
8.4
10.4
13.3
7.6
6.1
7.2
5.1
1.1
5.1
3.1
6.1
5.0
5.1
6.0
2.1
Total CPU utilization for mongod core #16:
5.9
7.0
47.2
42.6
38.8
41.2
38.6
39.0
41.8
40.0
35.5
35.9
40.6
37.5
40.0
37.2
42.2
39.8
37.5
35.2
40.0
39.0
43.9
36.9
37.5
37.8
38.6
41.6
41.0
39.8
38.8
39.4
40.4
41.6
37.9
39.2
38.6
42.3
42.5
16.4
6.2
6.2
5.2
6.2
6.2
7.1
6.1
5.1
6.0
5.1
