Total CPU utilization for nginx core #19:
6.0
10.0
23.2
18.8
25.5
23.0
16.2
19.2
22.5
22.6
16.9
20.5
17.2
19.0
16.9
22.7
24.0
17.4
13.6
21.3
16.9
14.5
17.1
17.8
22.8
14.8
15.5
13.1
18.2
16.9
24.3
21.8
23.3
21.8
12.3
6.0
6.2
Total CPU utilization for mmc core #6:
7.0
7.1
11.5
13.2
10.2
12.2
9.5
12.2
18.3
8.6
7.3
11.6
12.4
14.8
12.3
9.4
12.3
17.0
9.4
8.6
13.9
9.3
13.0
10.6
12.4
15.2
11.3
14.9
9.5
13.0
10.4
16.7
10.5
13.0
3.2
6.2
7.1
Total CPU utilization for mongod core #16:
6.0
9.0
39.4
33.7
32.7
30.7
28.8
31.7
29.5
32.0
30.7
32.4
29.9
29.5
29.5
31.7
29.5
32.0
29.2
31.0
32.4
31.7
34.0
29.9
32.4
27.2
33.0
29.1
33.0
33.7
33.0
32.7
35.3
28.2
9.2
5.2
3.1
