Total CPU utilization for nginx core #19:
39.0
60.5
63.4
59.8
60.3
61.7
60.5
58.2
57.8
61.9
62.3
62.0
61.4
62.7
61.3
61.3
58.3
62.0
60.0
60.7
61.7
61.1
62.9
64.7
64.3
64.0
60.3
62.4
63.7
59.2
61.5
62.0
62.7
62.4
62.9
64.2
65.7
83.4
100.0
100.0
100.0
100.0
100.0
100.0
100.0
99.1
100.0
100.0
100.0
100.0
100.0
100.0
100.0
100.0
71.0
7.0
6.0
6.0
6.0
5.1
Total CPU utilization for mmc core #6:
9.1
4.3
12.4
9.4
10.2
13.3
10.2
7.3
10.4
7.4
10.1
10.1
12.2
11.8
12.0
7.3
11.0
8.2
10.1
10.1
10.5
11.4
13.2
10.0
11.0
8.3
16.0
10.2
9.4
8.4
11.5
11.4
15.7
14.0
8.3
10.2
12.4
6.2
4.1
5.1
4.2
5.1
2.1
1.1
0.0
0.0
0.0
0.0
0.0
1.0
2.0
5.0
5.1
6.0
4.1
5.0
4.1
6.0
5.1
5.1
Total CPU utilization for mongod core #16:
30.3
44.0
35.5
35.2
38.8
37.2
37.8
38.2
38.8
37.2
38.8
39.4
34.5
40.6
40.0
36.9
37.2
38.8
36.9
38.2
36.2
38.6
38.2
36.9
36.2
33.0
40.6
37.9
42.9
38.2
41.8
40.9
34.8
39.4
37.9
39.2
38.2
26.3
5.2
6.1
5.1
6.2
5.1
5.1
5.1
5.2
4.1
5.2
5.1
5.1
6.0
5.1
6.1
6.1
6.0
4.1
6.1
6.2
7.0
4.2
