Total CPU utilization for nginx core #19:
16.7
81.0
60.5
61.1
63.0
60.5
61.7
61.1
62.7
64.1
60.9
63.3
58.9
61.7
65.1
62.9
62.7
62.0
62.5
63.7
63.6
63.2
67.7
66.0
66.7
64.6
64.1
65.1
66.4
64.7
64.3
62.0
63.0
61.9
7.0
6.2
6.1
3.0
Total CPU utilization for mmc core #6:
7.0
9.3
13.4
15.7
12.2
9.3
15.9
11.4
11.3
6.6
9.4
11.3
8.4
9.3
7.3
10.4
12.2
10.1
7.3
13.0
11.3
13.0
8.3
6.4
10.9
11.0
7.3
13.0
8.6
10.4
10.4
11.2
11.2
14.0
2.1
1.1
5.1
6.1
Total CPU utilization for mongod core #16:
6.0
45.8
41.0
38.8
37.2
38.8
39.4
38.8
39.4
37.5
38.4
38.2
40.0
40.8
38.2
38.8
38.8
39.2
37.9
37.5
41.8
41.0
42.6
39.6
40.6
41.0
39.6
40.2
38.6
41.9
43.2
40.2
36.9
35.8
6.1
6.2
7.1
6.1
